475173 3652062 
137 5352 
137 28718 
4505740 9477987 
409860 1646057 
188959 1310570 
66100 4413176 
66100 55805 
25241 4432801 
1671966 1657036 
66577 64215 
115797 684364 
263383 5421414 
263383 1071424 
7677213 1177325 
7677213 3375 
7677213 2037311 
7677213 5925572 
7677213 10173133 
7677213 5151456 
7677213 7148411 
7677213 2143212 
7677213 2099053 
9538438 10362057 
8119609 8431222 
58702 716644 
173412 694034 
3270119 3315647 
3966553 80580 
8234597 117788 
8234597 23586 
8234597 10173133 
8234597 1321692 
8234597 2143212 
1214061 579928 
1214061 3840695 
67184 4845407 
1042091 23586 
1042091 7148411 
1042091 1956846 
1402662 512439 
3131232 2829600 
155965 4709769 
155965 264788 
7407484 5166848 
9758747 6465672 
157786 55805 
9373995 620303 
35121 4413176 
829940 2114096 
559654 1177034 
9005652 9014282 
5032540 5485237 
4663992 1027331 
5925572 1177325 
5925572 3375 
5925572 2037311 
5925572 10173133 
5925572 5151456 
5925572 7148411 
5925572 2143212 
5925572 2099053 
1321692 117788 
1321692 23586 
1321692 10173133 
1321692 2143212 
5335890 1932804 
1198994 406779 
4885503 638940 
254881 85201 
1231888 8785136 
117788 23586 
117788 10173133 
117788 2143212 
8879282 8899911 
2099053 3375 
2099053 2037311 
2099053 10173133 
2099053 5151456 
2099053 7148411 
2099053 2143212 
2099053 1177325 
3375 1177325 
3375 2037311 
3375 10173133 
3375 5151456 
3375 7148411 
3375 2143212 
3534322 1621549 
364025 308274 
519772 4712580 
89361 2543446 
241271 9067177 
5582813 7935 
28718 5352 
544911 1645131 
12768 5520281 
5018213 726063 
1405733 5553825 
1405733 80580 
8336216 7935 
7148411 1956846 
7148411 23586 
7148411 5151456 
7148411 2037311 
7148411 10173133 
7148411 2143212 
7148411 1177325 
2143212 23586 
2143212 2037311 
2143212 10173133 
2143212 5151456 
2143212 1177325 
10318912 5044813 
1351538 1351502 
3413119 474794 
519733 1636616 
519733 2784308 
2037311 1177325 
2037311 10173133 
2037311 5151456 
1636616 2784308 
1177325 10173133 
1177325 5151456 
4413176 4545879 
1071424 5421414 
579928 3840695 
80580 5553825 
10173133 23586 
10173133 5151456 
391920 467275 
1956846 23586 
539734 5832068 
4709769 264788 
