475173 3652062 
137 5352 
137 28718 
4505740 9477987 
409860 1646057 
188959 1310570 
66100 4413176 
66100 55805 
25241 4432801 
1671966 1657036 
66577 64215 
115797 684364 
263383 5421414 
263383 1071424 
7677213 1177325 
7677213 3375 
7677213 2037311 
7677213 5925572 
7677213 10173133 
7677213 5151456 
7677213 7148411 
7677213 2143212 
7677213 2099053 
9538438 10362057 
8119609 8431222 
58702 716644 
173412 694034 
3270119 3315647 
3966553 80580 
8234597 117788 
8234597 23586 
8234597 10173133 
8234597 1321692 
8234597 2143212 
1214061 579928 
1214061 3840695 
67184 4845407 
1042091 23586 
1042091 7148411 
1042091 1956846 
1402662 512439 
3131232 2829600 
155965 4709769 
155965 264788 
7407484 5166848 
9758747 6465672 
157786 55805 
9373995 620303 
35121 4413176 
829940 2114096 
559654 1177034 
9005652 9014282 
5032540 5485237 
4663992 1027331 
5925572 1177325 
5925572 3375 
5925572 2037311 
5925572 10173133 
5925572 5151456 
5925572 7148411 
5925572 2143212 
5925572 2099053 
1321692 117788 
1321692 23586 
1321692 10173133 
1321692 2143212 
5335890 1932804 
1198994 406779 
4885503 638940 
254881 85201 
1231888 8785136 
117788 23586 
117788 10173133 
117788 2143212 
8879282 8899911 
2099053 3375 
2099053 2037311 
2099053 10173133 
2099053 5151456 
2099053 7148411 
2099053 2143212 
2099053 1177325 
3375 1177325 
3375 2037311 
3375 10173133 
3375 5151456 
3375 7148411 
3375 2143212 
3534322 1621549 
364025 308274 
519772 4712580 
89361 2543446 
241271 9067177 
5582813 7935 
28718 5352 
544911 1645131 
12768 5520281 
5018213 726063 
1405733 5553825 
1405733 80580 
8336216 7935 
7148411 1956846 
7148411 23586 
7148411 5151456 
7148411 2037311 
7148411 10173133 
7148411 2143212 
7148411 1177325 
2143212 23586 
2143212 2037311 
2143212 10173133 
2143212 5151456 
2143212 1177325 
10318912 5044813 
1351538 1351502 
3413119 474794 
519733 1636616 
519733 2784308 
2037311 1177325 
2037311 10173133 
2037311 5151456 
1636616 2784308 
1177325 10173133 
1177325 5151456 
4413176 4545879 
1071424 5421414 
579928 3840695 
80580 5553825 
10173133 23586 
10173133 5151456 
391920 467275 
1956846 23586 
539734 5832068 
4709769 264788 
8200209 1294832 
1642503 5718858 
1642503 1659415 
4341884 4643498 
884924 1504383 
1630422 218045 
557294 443562 
4088138 310303 
4088138 2960975 
4088138 5294755 
4088138 4155117 
4088138 414586 
4088138 13204 
4088138 790943 
74385 1580455 
369425 2209243 
1491961 5160000 
1491961 1218 
1491961 373062 
5550886 6343 
1254558 4028803 
3048612 5084283 
386234 162976 
386234 4597409 
386234 5000208 
386234 1000669 
1218 2532886 
1218 1042091 
1218 5160000 
1218 373062 
1218 453705 
1218 2209243 
1218 3589880 
1000669 162976 
1000669 4597409 
1000669 5000208 
1303824 1264111 
9979216 2293541 
3859969 439749 
75337 8225057 
102631 2209243 
1042091 3524887 
1042091 373062 
1042091 7081 
1042091 5160000 
1042091 1088234 
1042091 3589880 
2139833 3583755 
1732 744556 
4155117 310303 
4155117 2960975 
4155117 5294755 
4155117 414586 
4155117 13204 
4155117 790943 
3589880 5160000 
6440889 4319689 
4597409 162976 
4597409 5000208 
1367526 1486786 
911431 831833 
1093990 166301 
8956045 520208 
8956045 956869 
8956045 28492 
8956045 2209243 
3524887 373062 
3524887 1088234 
5671199 453705 
5671199 3914583 
5671199 1537896 
10681977 10791591 
3533424 2156057 
5294755 310303 
5294755 2960975 
5294755 414586 
5294755 13204 
5294755 790943 
10791738 5913218 
789308 1136864 
789308 1203825 
789308 2209243 
789308 667901 
937118 710750 
3497617 2209243 
9939944 1840631 
5000208 162976 
1100824 21725 
1100824 881195 
1100824 2448819 
453705 2209243 
453705 5160000 
453705 3914583 
453705 1537896 
1659415 5718858 
4918478 4208762 
2018559 2011962 
109874 965782 
2960975 310303 
2960975 414586 
2960975 13204 
2960975 790943 
7008053 4437194 
28492 2209243 
28492 956869 
1052630 3172761 
667901 1136864 
667901 2209243 
667901 1203825 
373062 5160000 
373062 1088234 
790943 310303 
790943 414586 
790943 13204 
881195 21725 
881195 2448819 
5714543 6599618 
9155282 4297579 
414586 310303 
414586 13204 
13204 310303 
302117 358202 
10556761 10040689 
529781 3217286 
2209243 1203825 
2209243 1136864 
2209243 5160000 
2209243 956869 
2209243 7018237 
2209243 614392 
5813762 4397546 
7563539 10442861 
3397377 857880 
1537896 3914583 
6502434 6248845 
1136864 1203825 
21725 2448819 
