475173 3652062 
137 5352 
137 28718 
4505740 9477987 
409860 1646057 
188959 1310570 
66100 4413176 
66100 55805 
25241 4432801 
1671966 1657036 
66577 64215 
115797 684364 
263383 5421414 
263383 1071424 
7677213 1177325 
7677213 3375 
7677213 2037311 
7677213 5925572 
7677213 10173133 
7677213 5151456 
7677213 7148411 
7677213 2143212 
7677213 2099053 
9538438 10362057 
8119609 8431222 
58702 716644 
173412 694034 
3270119 3315647 
3966553 80580 
8234597 117788 
8234597 23586 
8234597 10173133 
8234597 1321692 
8234597 2143212 
1214061 579928 
1214061 3840695 
67184 4845407 
1042091 23586 
1042091 7148411 
1042091 1956846 
1402662 512439 
3131232 2829600 
155965 4709769 
155965 264788 
7407484 5166848 
9758747 6465672 
157786 55805 
9373995 620303 
35121 4413176 
829940 2114096 
559654 1177034 
9005652 9014282 
5032540 5485237 
4663992 1027331 
5925572 1177325 
5925572 3375 
5925572 2037311 
5925572 10173133 
5925572 5151456 
5925572 7148411 
5925572 2143212 
5925572 2099053 
1321692 117788 
1321692 23586 
1321692 10173133 
1321692 2143212 
5335890 1932804 
1198994 406779 
4885503 638940 
254881 85201 
1231888 8785136 
117788 23586 
117788 10173133 
117788 2143212 
8879282 8899911 
2099053 3375 
2099053 2037311 
2099053 10173133 
2099053 5151456 
2099053 7148411 
2099053 2143212 
2099053 1177325 
3375 1177325 
3375 2037311 
3375 10173133 
3375 5151456 
3375 7148411 
3375 2143212 
3534322 1621549 
364025 308274 
519772 4712580 
89361 2543446 
241271 9067177 
5582813 7935 
28718 5352 
544911 1645131 
12768 5520281 
5018213 726063 
1405733 5553825 
1405733 80580 
8336216 7935 
7148411 1956846 
7148411 23586 
7148411 5151456 
7148411 2037311 
7148411 10173133 
7148411 2143212 
7148411 1177325 
2143212 23586 
2143212 2037311 
2143212 10173133 
2143212 5151456 
2143212 1177325 
10318912 5044813 
1351538 1351502 
3413119 474794 
519733 1636616 
519733 2784308 
2037311 1177325 
2037311 10173133 
2037311 5151456 
1636616 2784308 
1177325 10173133 
1177325 5151456 
4413176 4545879 
1071424 5421414 
579928 3840695 
80580 5553825 
10173133 23586 
10173133 5151456 
391920 467275 
1956846 23586 
539734 5832068 
4709769 264788 
8200209 1294832 
1642503 5718858 
1642503 1659415 
4341884 4643498 
884924 1504383 
1630422 218045 
557294 443562 
4088138 310303 
4088138 2960975 
4088138 5294755 
4088138 4155117 
4088138 414586 
4088138 13204 
4088138 790943 
74385 1580455 
369425 2209243 
1491961 5160000 
1491961 1218 
1491961 373062 
5550886 6343 
1254558 4028803 
3048612 5084283 
386234 162976 
386234 4597409 
386234 5000208 
386234 1000669 
1218 2532886 
1218 1042091 
1218 5160000 
1218 373062 
1218 453705 
1218 2209243 
1218 3589880 
1000669 162976 
1000669 4597409 
1000669 5000208 
1303824 1264111 
9979216 2293541 
3859969 439749 
75337 8225057 
102631 2209243 
1042091 3524887 
1042091 373062 
1042091 7081 
1042091 5160000 
1042091 1088234 
1042091 3589880 
2139833 3583755 
1732 744556 
4155117 310303 
4155117 2960975 
4155117 5294755 
4155117 414586 
4155117 13204 
4155117 790943 
3589880 5160000 
6440889 4319689 
4597409 162976 
4597409 5000208 
1367526 1486786 
911431 831833 
1093990 166301 
8956045 520208 
8956045 956869 
8956045 28492 
8956045 2209243 
3524887 373062 
3524887 1088234 
5671199 453705 
5671199 3914583 
5671199 1537896 
10681977 10791591 
3533424 2156057 
5294755 310303 
5294755 2960975 
5294755 414586 
5294755 13204 
5294755 790943 
10791738 5913218 
789308 1136864 
789308 1203825 
789308 2209243 
789308 667901 
937118 710750 
3497617 2209243 
9939944 1840631 
5000208 162976 
1100824 21725 
1100824 881195 
1100824 2448819 
453705 2209243 
453705 5160000 
453705 3914583 
453705 1537896 
1659415 5718858 
4918478 4208762 
2018559 2011962 
109874 965782 
2960975 310303 
2960975 414586 
2960975 13204 
2960975 790943 
7008053 4437194 
28492 2209243 
28492 956869 
1052630 3172761 
667901 1136864 
667901 2209243 
667901 1203825 
373062 5160000 
373062 1088234 
790943 310303 
790943 414586 
790943 13204 
881195 21725 
881195 2448819 
5714543 6599618 
9155282 4297579 
414586 310303 
414586 13204 
13204 310303 
302117 358202 
10556761 10040689 
529781 3217286 
2209243 1203825 
2209243 1136864 
2209243 5160000 
2209243 956869 
2209243 7018237 
2209243 614392 
5813762 4397546 
7563539 10442861 
3397377 857880 
1537896 3914583 
6502434 6248845 
1136864 1203825 
21725 2448819 
720917 1255700 
1884287 138171 
4672206 69929 
4672206 322368 
1843493 6511 
8695 4322567 
9257493 6079996 
49754 7446124 
49754 7460861 
2294440 7408595 
2761576 6313972 
3015577 9865688 
1029 4754727 
5791420 8575549 
949286 1122291 
4154801 9213716 
4154801 1390297 
8078841 7728581 
198409 10496537 
2596285 1505907 
10299268 8741669 
10667927 622533 
2093396 1347209 
674024 9903856 
7121497 5475551 
464659 1036677 
9213716 1390297 
34600 128130 
34600 2167397 
191233 3481559 
1895221 1438831 
1895221 373716 
322368 69929 
1952669 7333 
1952669 441586 
4934682 5262527 
330950 692635 
330950 6899870 
6899870 692635 
4779380 8853477 
1510650 645493 
1510650 4381820 
77424 72159 
585534 4708645 
151532 2642209 
5655753 6037502 
3682844 3643751 
3682844 776127 
1119017 1505907 
373716 1438831 
4199505 2178597 
4199505 2612790 
7460861 7446124 
1750321 1456334 
3609915 10239640 
1480539 178500 
776127 3643751 
645493 2226899 
645493 4381820 
1129263 2301114 
7333 441586 
2178597 2612790 
1974273 1283137 
8912917 5618435 
8912917 10277410 
8912917 3519218 
8912917 1355566 
8912917 3196344 
8912917 7654974 
8912917 6806260 
3366943 5101162 
3366943 2605758 
379443 14328 
3196260 3841213 
3196260 3963651 
3196260 173016 
3196260 451996 
860276 121299 
2457736 274603 
3817644 1031185 
3817644 3623976 
3817644 3266065 
3817644 6854781 
3817644 239781 
3817644 1311476 
3817644 1355566 
3817644 3992488 
3817644 9624137 
3817644 4197825 
3817644 6295521 
3817644 5491695 
114867 1031185 
114867 97841 
114867 522344 
114867 687794 
114867 239803 
114867 1355501 
114867 5256942 
114867 1733891 
114867 1355566 
114867 5954335 
114867 31051 
114867 301400 
114867 2532229 
114867 5491695 
338634 7597456 
57564 575012 
5374239 3378804 
9429335 1865823 
1403640 4116465 
571458 1530638 
5702146 3821406 
3963651 3841213 
3963651 173016 
3963651 451996 
1458824 1947329 
1458824 941300 
6120103 9522710 
2605758 5101162 
7725777 53798 
7725777 6164339 
7725777 985208 
10724128 5302380 
557895 3048 
1139544 1865823 
2532229 1031185 
2532229 97841 
2532229 522344 
2532229 687794 
2532229 239803 
2532229 1355501 
2532229 5256942 
2532229 1733891 
2532229 5954335 
2532229 1355566 
2532229 31051 
2532229 301400 
2532229 5491695 
173016 3841213 
173016 451996 
10830810 5900973 
345106 318831 
8659999 6430607 
795818 1591586 
795818 5257500 
4457682 40499 
1243384 239781 
1243384 522344 
1243384 1355566 
713960 1791297 
713960 1431947 
713960 450457 
713960 14658 
713960 473564 
713960 1080404 
451996 3841213 
3196344 5618435 
3196344 10277410 
3196344 3519218 
3196344 1355566 
3196344 7654974 
3196344 6806260 
2755491 11746563 
575012 2397331 
575012 151544 
1680943 3025325 
1680943 1726024 
1680943 6695399 
7751226 9558114 
1383883 1808428 
7083648 8105695 
441346 1093990 
441346 555645 
441346 176984 
11712837 2300532 
4475914 3832986 
1031185 3623976 
1031185 97841 
1031185 239803 
1031185 522344 
1031185 687794 
1031185 5256942 
1031185 1311476 
1031185 1733891 
1031185 1355566 
1031185 5954335 
1031185 1355501 
1031185 31051 
1031185 301400 
1031185 3992488 
1031185 44275 
1031185 9624137 
1031185 4197825 
1031185 6295521 
1031185 5491695 
985208 53798 
985208 6164339 
239781 3266065 
239781 3992488 
239781 1355566 
239781 4197825 
239781 522344 
239781 6854781 
239803 97841 
239803 522344 
239803 687794 
239803 1355501 
239803 5256942 
239803 1733891 
239803 5954335 
239803 1355566 
239803 31051 
239803 301400 
239803 5491695 
1591586 5257500 
706854 505365 
3615050 505005 
3025325 1726024 
3025325 6695399 
3589880 2281996 
6695399 1726024 
2976552 7819994 
6155154 175082 
6155154 60631 
3992488 3266065 
3992488 3623976 
3992488 9624137 
3992488 6854781 
3992488 1311476 
3992488 1355566 
3992488 4197825 
3992488 6295521 
3992488 5491695 
175082 60631 
5491695 3623976 
5491695 97841 
5491695 522344 
5491695 687794 
5491695 1355501 
5491695 5256942 
5491695 1311476 
5491695 1733891 
5491695 5257500 
5491695 5954335 
5491695 1355566 
5491695 31051 
5491695 301400 
5491695 9624137 
5491695 4197825 
5491695 6295521 
5491695 2421218 
3481559 2002038 
3623976 4197825 
3623976 6295521 
3623976 9624137 
3623976 1311476 
1051701 1498044 
44275 1355566 
44275 522344 
838941 2268400 
4932153 3990260 
44385 15787 
4197825 3266065 
4197825 6854781 
4197825 1311476 
4197825 1355566 
4197825 9624137 
4197825 6295521 
3976692 2449282 
3976692 1085750 
3976692 841440 
3976692 481092 
3976692 3628509 
3976692 6445035 
3976692 373579 
11706966 10825434 
7654974 5618435 
7654974 10277410 
7654974 1355566 
7654974 3519218 
7654974 6806260 
1355501 97841 
1355501 522344 
1355501 687794 
1355501 5256942 
1355501 1733891 
1355501 5954335 
1355501 1355566 
1355501 31051 
1355501 301400 
1355566 5618435 
1355566 10277410 
1355566 97841 
1355566 3266065 
1355566 522344 
1355566 6854781 
1355566 687794 
1355566 5256942 
1355566 1733891 
1355566 5954335 
1355566 31051 
1355566 301400 
1355566 6806260 
1355566 3519218 
3821406 2994445 
6164339 53798 
217034 10010231 
6295521 9624137 
6295521 1311476 
151544 2397331 
6426836 7147583 
1085750 2449282 
1085750 841440 
1085750 481092 
1085750 373579 
1085750 3628509 
1085750 6445035 
1093990 555645 
1093990 176984 
1311476 9624137 
2421218 5257500 
1135118 1865823 
10277410 5618435 
10277410 3519218 
10277410 6806260 
10889312 7258169 
10728036 10786445 
522344 97841 
522344 687794 
522344 5256942 
522344 1733891 
522344 5954335 
522344 31051 
522344 301400 
3728159 2503423 
3519218 5618435 
3519218 6806260 
7620735 10409850 
7620735 4393405 
373579 2449282 
373579 841440 
373579 481092 
373579 3628509 
373579 6445035 
176984 555645 
4371337 227672 
7869430 11540177 
7869430 5988156 
955421 5708089 
125140 466765 
125140 7143302 
1733891 97841 
1733891 687794 
1733891 5256942 
1733891 5954335 
1733891 31051 
1733891 301400 
1791297 1431947 
1791297 450457 
1791297 14658 
1791297 473564 
1791297 1080404 
7853564 10010231 
3266065 6854781 
1947329 941300 
11540177 5988156 
841440 2449282 
841440 481092 
841440 3628509 
841440 6445035 
5256942 97841 
5256942 687794 
5256942 5954335 
5256942 31051 
5256942 301400 
11745044 7592339 
481092 2449282 
481092 3628509 
481092 6445035 
10409850 4393405 
6445035 2449282 
6445035 3628509 
1865823 8543697 
6854781 4225260 
14658 1431947 
14658 450457 
14658 473564 
14658 1080404 
31051 97841 
31051 687794 
31051 5954335 
31051 301400 
301400 97841 
301400 687794 
301400 5954335 
1431947 450457 
1431947 473564 
1431947 1080404 
473564 450457 
473564 1080404 
3628509 2449282 
6806260 5618435 
5954335 97841 
5954335 687794 
318501 1375663 
1080404 450457 
1341245 654855 
97841 687794 
7497058 8990867 
9101445 8152106 
10937709 10798991 
5914787 1347209 
5914787 3108062 
5914787 827131 
5914787 799078 
5914787 749551 
5914787 67049 
5914787 849915 
3399855 64258 
3399855 874863 
3399855 6140689 
4038992 11856849 
4038992 7111516 
4038992 12190655 
354 10524058 
57710 4592 
1794527 61540 
9781736 8612259 
9781736 447479 
4960567 4969406 
303656 64258 
942640 305455 
6734429 11914990 
4096694 64258 
4096694 6580424 
3269459 2976232 
1606572 663212 
1606572 7018048 
12190655 11856849 
12190655 7111516 
1299 64258 
1299 1989265 
1299 116996 
2581815 6140689 
2581815 313152 
2581815 940133 
2581815 1989265 
8512897 8043357 
11879819 9796229 
11879819 11879820 
11879820 9796229 
67049 1347209 
67049 3108062 
67049 827131 
67049 799078 
67049 749551 
67049 849915 
10765823 11622627 
8906305 4603170 
3458792 218840 
4368172 2350882 
4368172 1617736 
313152 6140689 
313152 940133 
313152 1989265 
2074546 11808857 
7317560 5177060 
6578231 1727697 
6580424 64258 
6580424 817438 
116996 64258 
116996 162636 
116996 6140689 
116996 177049 
116996 243533 
116996 1403558 
116996 15182 
116996 218840 
116996 1989265 
8612259 447479 
31725 3586691 
8301078 10188753 
1403558 64258 
1403558 1989265 
25461 2118633 
9245139 23468 
232249 3308193 
1370949 1817728 
1370949 1989265 
6155154 193272 
11856849 7111516 
380021 1148913 
11422917 12024618 
3108062 1347209 
3108062 827131 
3108062 799078 
3108062 749551 
3108062 849915 
5827908 10121823 
11415006 11398403 
110134 64258 
110134 162636 
110134 1989265 
110134 890079 
1274471 28525 
1347209 827131 
1347209 799078 
1347209 749551 
1347209 849915 
1617736 2350882 
749551 827131 
749551 799078 
749551 849915 
184553 29988 
799078 827131 
799078 849915 
8417866 4276036 
6787717 6788940 
4371158 584181 
6140689 162636 
6140689 64258 
6140689 1989265 
6140689 243533 
6140689 177049 
6140689 940133 
6140689 874863 
177049 64258 
177049 162636 
177049 243533 
3445700 64258 
3445700 1989265 
890079 64258 
890079 162636 
890079 1989265 
7414694 1203877 
7018048 663212 
218840 15182 
6788940 2423404 
243533 64258 
243533 162636 
1849176 2906602 
849915 827131 
940133 1989265 
202935 1907139 
874863 64258 
12114459 1989265 
12114459 671378 
997925 1080103 
1989265 1817728 
1989265 671378 
1989265 64258 
1989265 212279 
1989265 162636 
64258 212279 
64258 162636 
