127 175 
3 16 
3 127 
3 155 
3 184 
3 246 
3 247 
5 109 
7 109 
8 109 
8 124 
8 127 
8 170 
8 203 
8 269 
11 183 
11 184 
11 235 
11 252 
11 266 
11 319 
11 1178 
11 2951 
12 175 
12 176 
12 184 
15 109 
15 243 
15 301 
15 319 
16 235 
16 266 
16 301 
16 319 
18 243 
18 245 
21 124 
21 152 
21 175 
21 176 
21 183 
21 235 
23 169 
25 124 
25 127 
25 152 
25 175 
25 176 
25 184 
25 203 
25 205 
25 235 
25 245 
25 266 
25 513 
27 319 
89 127 
89 169 
89 175 
89 176 
89 247 
109 124 
109 146 
109 160 
109 203 
109 234 
109 266 
109 269 
124 160 
124 267 
124 269 
124 270 
124 301 
124 513 
124 938 
130 269 
132 146 
146 245 
152 183 
152 243 
152 254 
152 301 
157 267 
157 301 
157 513 
160 184 
160 203 
160 252 
160 269 
166 243 
166 267 
166 301 
166 933 
169 175 
169 176 
169 245 
169 254 
169 255 
169 301 
169 319 
175 234 
176 234 
183 243 
183 246 
183 254 
183 301 
184 247 
184 250 
203 243 
203 267 
203 301 
203 513 
205 243 
205 267 
205 270 
205 301 
205 513 
205 933 
230 245 
230 254 
230 301 
234 245 
234 252 
234 269 
235 243 
235 252 
235 254 
235 301 
235 319 
235 513 
243 245 
243 254 
243 266 
243 268 
245 246 
245 247 
246 254 
247 301 
252 254 
252 266 
254 266 
254 268 
254 301 
254 319 
255 319 
258 301 
266 301 
266 319 
268 301 
268 513 
301 319 
1178 2951 
2243 2951 
2951 4110 
127 175 
