3 15 
3 18 
3 25 
3 222 
5 12 
5 169 
5 175 
5 176 
5 179 
5 258 
5 421 
5 553 
5 554 
5 555 
5 635 
7 207 
7 234 
7 341 
7 554 
7 635 
7 1212 
7 1268 
7 1525 
7 1962 
8 12 
8 183 
8 234 
8 255 
8 335 
8 341 
8 1212 
10 448 
10 553 
11 146 
11 169 
11 179 
11 203 
11 230 
11 269 
11 284 
11 289 
11 316 
11 352 
11 379 
11 448 
11 513 
11 635 
11 938 
11 1114 
11 1210 
11 1268 
11 1273 
11 1601 
11 2522 
12 21 
12 23 
12 146 
12 166 
12 169 
12 183 
12 203 
12 207 
12 230 
12 266 
12 269 
12 284 
12 289 
12 316 
12 320 
12 474 
12 553 
12 554 
12 555 
12 635 
12 1268 
12 1523 
12 1525 
12 2806 
15 169 
15 183 
15 203 
15 269 
15 273 
15 349 
15 378 
15 437 
15 474 
15 553 
15 554 
15 555 
15 635 
15 1523 
15 1525 
16 36 
16 109 
16 127 
16 130 
16 152 
16 169 
16 183 
16 184 
16 234 
16 247 
16 255 
16 258 
16 305 
16 315 
16 320 
16 349 
16 352 
16 378 
16 423 
16 437 
16 933 
16 1206 
18 166 
18 169 
18 183 
18 203 
18 246 
18 258 
18 269 
18 273 
18 289 
18 320 
18 474 
18 553 
18 554 
18 555 
18 635 
18 1523 
18 1525 
18 3167 
21 30 
21 32 
21 36 
21 89 
21 157 
21 203 
21 205 
21 230 
21 266 
21 268 
21 269 
21 284 
21 289 
21 553 
21 635 
21 1211 
21 2806 
21 3167 
23 146 
23 179 
23 183 
23 184 
23 234 
23 255 
23 304 
23 341 
23 349 
23 378 
23 379 
23 423 
23 437 
25 169 
25 183 
25 230 
25 635 
25 646 
25 1178 
27 109 
27 124 
27 146 
27 152 
27 157 
27 166 
27 169 
27 203 
27 205 
27 252 
27 266 
27 305 
27 341 
27 352 
27 378 
27 421 
27 423 
27 635 
27 646 
27 652 
27 732 
27 768 
27 1114 
27 1178 
27 1210 
27 1268 
27 1269 
27 1293 
27 1601 
27 2522 
27 4110 
30 35 
30 130 
30 289 
30 319 
30 352 
30 421 
30 423 
30 474 
30 513 
30 652 
30 768 
30 887 
30 1132 
30 1268 
30 1523 
30 1524 
31 130 
31 184 
31 269 
31 270 
31 284 
31 289 
31 378 
31 421 
31 423 
31 474 
31 553 
31 554 
31 555 
31 635 
31 652 
31 768 
31 1523 
31 1525 
31 2806 
31 3167 
32 109 
32 130 
32 152 
32 166 
32 169 
32 184 
32 235 
32 269 
32 289 
32 315 
32 352 
32 378 
32 474 
32 553 
32 554 
32 555 
32 635 
32 652 
32 1206 
32 1523 
32 1525 
34 130 
34 169 
34 184 
34 269 
34 284 
34 378 
34 421 
34 423 
34 474 
34 553 
34 554 
34 555 
34 635 
34 652 
34 1523 
34 1525 
34 2806 
34 3167 
35 169 
35 184 
35 269 
35 378 
35 2806 
36 109 
36 124 
36 130 
36 146 
36 157 
36 166 
36 170 
36 203 
36 205 
36 235 
36 246 
36 258 
36 269 
36 289 
36 302 
36 305 
36 320 
36 352 
36 421 
36 474 
36 553 
36 554 
36 555 
36 635 
36 646 
36 652 
36 732 
36 735 
36 827 
36 1206 
36 1523 
36 1525 
36 1542 
36 1545 
36 2804 
36 3167 
40 184 
40 245 
40 246 
40 284 
40 349 
40 378 
40 448 
40 475 
40 1212 
40 1962 
41 184 
41 258 
41 304 
41 378 
41 3067 
45 222 
45 378 
89 183 
89 184 
89 255 
89 304 
89 317 
89 341 
89 378 
109 169 
109 170 
109 261 
109 268 
109 635 
109 646 
109 1178 
109 1556 
124 130 
124 146 
124 166 
124 169 
124 203 
124 230 
124 234 
124 235 
124 246 
124 247 
124 252 
124 258 
124 261 
124 266 
124 268 
124 273 
124 305 
124 319 
124 347 
124 652 
124 1523 
127 130 
127 152 
127 169 
127 170 
127 222 
127 258 
127 305 
130 169 
130 170 
130 203 
130 205 
130 222 
130 230 
130 234 
130 252 
130 261 
130 273 
130 421 
130 652 
132 152 
146 157 
146 169 
146 175 
146 176 
146 179 
146 203 
146 205 
146 222 
146 269 
146 270 
146 341 
146 352 
146 379 
146 421 
146 448 
146 474 
146 553 
146 554 
146 555 
146 635 
146 652 
146 1114 
146 1210 
146 1268 
146 1523 
146 1525 
146 2522 
146 3167 
152 169 
152 175 
152 176 
152 179 
152 222 
152 245 
152 252 
152 347 
155 319 
155 448 
155 553 
157 169 
157 234 
157 235 
157 273 
157 316 
157 319 
157 421 
157 553 
157 652 
157 1132 
166 169 
166 170 
166 234 
166 261 
166 421 
166 474 
166 553 
166 635 
169 170 
169 203 
169 205 
169 222 
169 230 
169 234 
169 235 
169 243 
169 246 
169 252 
169 269 
169 270 
169 284 
169 289 
169 298 
169 305 
169 320 
169 335 
169 341 
169 352 
169 421 
169 443 
169 448 
169 474 
169 553 
169 554 
169 555 
169 635 
169 646 
169 652 
169 732 
169 735 
169 938 
169 1114 
169 1178 
169 1206 
169 1210 
169 1211 
169 1268 
169 1269 
169 1273 
169 1293 
169 1523 
169 1525 
169 1542 
169 1545 
169 1601 
169 2522 
169 2806 
169 3167 
169 4110 
170 203 
170 205 
170 222 
170 234 
170 235 
170 246 
170 247 
170 258 
170 261 
170 273 
170 304 
170 305 
170 319 
170 347 
170 652 
170 827 
170 1211 
170 1213 
170 1523 
170 2804 
175 379 
175 1211 
175 1212 
176 378 
176 379 
176 1211 
176 1212 
179 379 
183 207 
183 222 
183 230 
183 234 
183 247 
183 258 
183 298 
183 304 
183 320 
183 341 
184 222 
184 245 
184 270 
184 304 
184 315 
184 335 
184 768 
203 230 
203 234 
203 261 
203 270 
203 302 
203 304 
203 316 
203 421 
203 474 
203 553 
203 554 
203 555 
203 635 
203 652 
203 1525 
205 207 
205 230 
205 234 
205 261 
205 284 
205 298 
205 421 
205 1524 
205 1525 
205 2806 
207 230 
207 247 
207 250 
207 258 
207 273 
207 298 
207 304 
207 320 
207 335 
207 341 
207 352 
207 646 
207 735 
207 827 
207 887 
207 1211 
207 1268 
207 1579 
207 2522 
209 266 
209 301 
209 1556 
222 235 
222 252 
222 378 
222 421 
222 652 
222 1212 
230 234 
230 243 
230 289 
230 298 
230 302 
230 341 
230 352 
230 553 
230 646 
230 732 
230 735 
230 1178 
230 1206 
230 1210 
230 1217 
230 1268 
230 1269 
230 1273 
230 1293 
230 1524 
230 1525 
230 1542 
230 1601 
230 2522 
230 2806 
230 3167 
230 4110 
234 235 
234 255 
234 266 
234 305 
234 341 
234 347 
234 421 
234 652 
235 261 
235 304 
235 652 
235 1523 
243 269 
243 341 
243 352 
243 938 
243 1114 
243 1210 
243 1268 
243 1273 
243 1542 
243 1601 
243 2522 
243 2806 
243 2823 
243 4110 
245 270 
245 304 
245 315 
245 316 
245 317 
245 335 
245 378 
246 347 
246 421 
246 553 
246 768 
246 1556 
247 298 
247 341 
247 352 
247 378 
247 421 
247 423 
247 635 
247 646 
247 732 
247 735 
247 768 
247 827 
247 1132 
247 1268 
247 1269 
247 1293 
247 1545 
247 2522 
247 2804 
250 319 
250 378 
250 768 
250 1556 
252 258 
252 304 
252 305 
252 319 
252 335 
252 646 
252 735 
252 827 
252 1213 
252 1524 
252 1962 
252 2804 
255 301 
255 347 
255 423 
255 646 
255 3067 
258 269 
258 421 
258 474 
258 475 
258 553 
258 635 
258 646 
258 652 
261 269 
261 302 
261 352 
261 378 
261 421 
261 423 
261 474 
261 553 
261 554 
261 555 
261 635 
261 646 
261 652 
261 732 
261 735 
261 768 
261 827 
261 1206 
261 1523 
261 1525 
261 1542 
261 1545 
261 2804 
261 3167 
266 652 
266 1524 
266 1525 
266 1579 
268 298 
268 315 
268 341 
268 347 
268 352 
268 474 
268 553 
268 554 
268 555 
268 646 
268 732 
268 735 
268 827 
268 1268 
268 1269 
268 1293 
268 2522 
268 2804 
269 273 
269 302 
269 316 
269 320 
269 335 
269 341 
269 352 
269 448 
269 474 
269 553 
269 555 
269 735 
269 827 
269 1210 
269 1268 
269 1273 
269 1601 
269 2522 
269 2806 
270 289 
270 349 
270 378 
270 423 
270 553 
270 635 
270 1178 
270 1217 
270 1556 
270 1962 
270 3167 
273 289 
273 298 
273 302 
273 347 
273 421 
273 474 
273 553 
273 554 
273 555 
273 635 
273 652 
273 1523 
273 1525 
284 513 
284 1132 
284 1213 
284 1556 
284 1962 
289 474 
289 553 
289 554 
289 555 
289 735 
289 827 
289 1523 
289 1525 
289 3167 
298 635 
298 646 
298 1178 
298 1211 
301 341 
301 352 
301 646 
301 827 
301 1268 
301 2243 
301 2522 
301 4110 
302 448 
302 553 
302 1556 
302 1962 
304 378 
304 421 
304 448 
304 1178 
304 1556 
304 1962 
304 2806 
305 635 
305 735 
305 827 
305 1523 
305 1525 
315 349 
315 378 
315 448 
315 646 
315 768 
316 423 
316 448 
316 474 
316 553 
316 554 
316 555 
316 635 
316 768 
316 1523 
316 1525 
316 3167 
317 423 
317 448 
317 768 
317 1962 
317 3067 
319 347 
319 635 
319 735 
319 827 
319 1211 
319 1213 
319 1525 
319 1542 
319 2804 
320 635 
320 646 
320 652 
335 378 
335 652 
335 768 
335 1556 
341 448 
341 635 
341 2806 
347 423 
347 827 
347 1211 
347 1213 
347 1962 
347 2804 
347 2823 
352 448 
352 635 
352 2806 
378 768 
421 652 
421 1523 
423 1211 
423 1962 
423 2823 
443 553 
444 513 
444 1211 
444 1213 
448 938 
448 1114 
448 1210 
448 1268 
448 1273 
448 1542 
448 1601 
448 2806 
448 2522 
469 1556 
474 554 
474 635 
474 1193 
474 1211 
474 1213 
474 1556 
474 1962 
474 3167 
513 1132 
552 1556 
552 1962 
553 635 
553 1211 
553 1523 
553 1525 
553 3167 
554 635 
554 1211 
554 3167 
555 635 
555 1211 
555 3167 
635 646 
635 652 
635 827 
635 1206 
635 1211 
635 1268 
635 1269 
635 1293 
635 1545 
635 2522 
635 3167 
635 4110 
646 1114 
646 1269 
646 2522 
652 735 
652 827 
652 1545 
732 1178 
735 1178 
938 2806 
1114 2806 
1132 1213 
1178 1268 
1178 1545 
1210 2806 
1211 1268 
1211 1525 
1213 1579 
1217 1579 
1268 2806 
1525 3167 
1545 1556 
1556 1962 
1962 3067 
2522 2806 
3 16 
3 127 
3 155 
3 184 
3 246 
3 247 
5 109 
7 109 
8 109 
8 124 
8 127 
8 170 
8 203 
8 269 
11 183 
11 184 
11 235 
11 252 
11 266 
11 319 
11 1178 
11 2951 
12 175 
12 176 
12 184 
15 109 
15 243 
15 301 
15 319 
16 235 
16 266 
16 301 
16 319 
18 243 
18 245 
21 124 
21 152 
21 175 
21 176 
21 183 
21 235 
23 169 
25 124 
25 127 
25 152 
25 175 
25 176 
25 184 
25 203 
25 205 
25 235 
25 245 
25 266 
25 513 
27 319 
89 127 
89 169 
89 175 
89 176 
89 247 
109 124 
109 146 
109 160 
109 203 
109 234 
109 266 
109 269 
124 160 
124 267 
124 269 
124 270 
124 301 
124 513 
124 938 
130 269 
132 146 
146 245 
152 183 
152 243 
152 254 
152 301 
157 267 
157 301 
157 513 
160 184 
160 203 
160 252 
160 269 
166 243 
166 267 
166 301 
166 933 
169 175 
169 176 
169 245 
169 254 
169 255 
169 301 
169 319 
175 234 
176 234 
183 243 
183 246 
183 254 
183 301 
184 247 
184 250 
203 243 
203 267 
203 301 
203 513 
205 243 
205 267 
205 270 
205 301 
205 513 
205 933 
230 245 
230 254 
230 301 
234 245 
234 252 
234 269 
235 243 
235 252 
235 254 
235 301 
235 319 
235 513 
243 245 
243 254 
243 266 
243 268 
245 246 
245 247 
246 254 
247 301 
252 254 
252 266 
254 266 
254 268 
254 301 
254 319 
255 319 
258 301 
266 301 
266 319 
268 301 
268 513 
301 319 
1178 2951 
2243 2951 
2951 4110 
127 175 
