3 10 
3 53 
3 245 
3 466 
3 469 
3 1229 
5 11 
5 25 
5 39 
5 89 
5 234 
5 243 
5 252 
5 298 
5 301 
5 474 
5 483 
5 896 
5 1132 
5 1525 
5 1820 
5 2829 
7 12 
7 50 
7 169 
7 258 
7 448 
7 1139 
7 1163 
7 1213 
7 2804 
7 2823 
8 21 
8 50 
8 157 
8 169 
8 179 
8 205 
8 243 
8 252 
8 258 
8 448 
8 466 
8 1139 
8 1163 
8 1213 
8 1478 
8 2804 
8 2823 
10 12 
10 18 
10 23 
10 25 
10 39 
10 50 
10 127 
10 132 
10 169 
10 179 
10 245 
10 298 
10 301 
10 349 
10 352 
10 385 
10 421 
10 437 
10 466 
10 735 
10 813 
10 887 
10 896 
10 1114 
10 1206 
10 1210 
10 1213 
10 1269 
10 1280 
10 1291 
10 1293 
10 1478 
10 1820 
10 2522 
10 2829 
10 3115 
11 18 
11 25 
11 39 
11 45 
11 46 
11 50 
11 53 
11 124 
11 127 
11 132 
11 152 
11 155 
11 157 
11 166 
11 175 
11 176 
11 205 
11 243 
11 245 
11 247 
11 250 
11 255 
11 258 
11 267 
11 298 
11 301 
11 302 
11 304 
11 320 
11 335 
11 341 
11 385 
11 421 
11 427 
11 443 
11 466 
11 474 
11 483 
11 552 
11 553 
11 554 
11 555 
11 556 
11 646 
11 732 
11 735 
11 827 
11 1132 
11 1135 
11 1139 
11 1163 
11 1211 
11 1213 
11 1217 
11 1458 
11 1479 
11 1523 
11 1525 
11 1542 
11 1545 
11 1820 
11 2243 
11 2543 
11 2544 
11 2804 
11 2806 
11 2823 
11 2829 
11 3115 
11 3167 
11 4110 
12 15 
12 16 
12 18 
12 25 
12 27 
12 30 
12 31 
12 39 
12 41 
12 45 
12 46 
12 50 
12 53 
12 124 
12 127 
12 132 
12 152 
12 155 
12 157 
12 205 
12 222 
12 245 
12 246 
12 247 
12 250 
12 254 
12 255 
12 258 
12 261 
12 298 
12 302 
12 304 
12 319 
12 335 
12 341 
12 347 
12 385 
12 421 
12 425 
12 427 
12 443 
12 466 
12 469 
12 646 
12 732 
12 735 
12 827 
12 959 
12 1193 
12 1211 
12 1213 
12 1217 
12 1229 
12 1255 
12 1256 
12 1282 
12 1542 
12 1545 
12 2243 
12 2804 
12 2823 
12 3167 
12 4110 
15 32 
15 36 
15 39 
15 50 
15 124 
15 127 
15 157 
15 170 
15 175 
15 205 
15 234 
15 245 
15 255 
15 258 
15 304 
15 335 
15 341 
15 443 
15 646 
15 732 
15 735 
15 827 
15 933 
15 1139 
15 1163 
15 1211 
15 1213 
15 1217 
15 1458 
15 1545 
15 2804 
15 2823 
15 2829 
15 3167 
16 30 
16 31 
16 32 
16 34 
16 50 
16 124 
16 146 
16 157 
16 170 
16 175 
16 176 
16 205 
16 230 
16 245 
16 252 
16 268 
16 302 
16 304 
16 341 
16 385 
16 443 
16 469 
16 646 
16 732 
16 735 
16 827 
16 1139 
16 1163 
16 1211 
16 1213 
16 1458 
16 1542 
16 1545 
16 2243 
16 2804 
16 2806 
16 2823 
16 2829 
16 4110 
18 27 
18 32 
18 36 
18 39 
18 124 
18 132 
18 146 
18 157 
18 170 
18 175 
18 176 
18 205 
18 222 
18 234 
18 247 
18 268 
18 302 
18 304 
18 341 
18 469 
18 646 
18 732 
18 735 
18 827 
18 933 
18 1211 
18 1213 
18 1542 
18 1545 
18 2243 
18 2804 
18 2823 
18 4110 
21 155 
21 166 
21 170 
21 250 
21 298 
21 301 
21 385 
21 427 
21 469 
21 474 
21 483 
21 1132 
21 1134 
21 1135 
21 1195 
21 2992 
23 32 
23 50 
23 127 
23 166 
23 175 
23 176 
23 245 
23 247 
23 268 
23 302 
23 443 
23 469 
23 933 
23 1139 
23 1163 
23 1211 
23 1458 
23 2804 
23 2806 
23 2823 
23 2829 
25 27 
25 30 
25 32 
25 41 
25 50 
25 89 
25 109 
25 130 
25 157 
25 166 
25 170 
25 222 
25 234 
25 243 
25 247 
25 255 
25 268 
25 284 
25 304 
25 315 
25 319 
25 320 
25 335 
25 341 
25 352 
25 385 
25 394 
25 421 
25 443 
25 466 
25 469 
25 474 
25 477 
25 552 
25 554 
25 555 
25 556 
25 697 
25 735 
25 762 
25 812 
25 813 
25 827 
25 857 
25 887 
25 938 
25 959 
25 1114 
25 1132 
25 1135 
25 1163 
25 1164 
25 1189 
25 1193 
25 1195 
25 1206 
25 1210 
25 1211 
25 1217 
25 1229 
25 1255 
25 1256 
25 1268 
25 1269 
25 1273 
25 1280 
25 1287 
25 1291 
25 1293 
25 1523 
25 1524 
25 1525 
25 1542 
25 1567 
25 1570 
25 1601 
25 1820 
25 2243 
25 2522 
25 2804 
25 2823 
25 3167 
25 4110 
27 39 
27 53 
27 127 
27 130 
27 132 
27 170 
27 234 
27 243 
27 258 
27 298 
27 301 
27 302 
27 320 
27 394 
27 474 
27 513 
27 735 
27 827 
27 896 
27 1135 
27 1183 
27 1189 
27 1195 
27 1206 
27 1212 
27 1229 
27 1255 
27 1256 
27 1352 
27 1523 
27 1525 
27 1542 
27 1545 
30 39 
30 50 
30 124 
30 146 
30 152 
30 160 
30 166 
30 169 
30 170 
30 175 
30 176 
30 205 
30 234 
30 245 
30 254 
30 258 
30 298 
30 302 
30 305 
30 335 
30 341 
30 385 
30 427 
30 646 
30 732 
30 827 
30 896 
30 938 
30 1139 
30 1140 
30 1163 
30 1178 
30 1180 
30 1183 
30 1189 
30 1193 
30 1194 
30 1195 
30 1206 
30 1210 
30 1212 
30 1213 
30 1217 
30 1229 
30 1233 
30 1255 
30 1256 
30 1458 
30 1479 
30 1542 
30 1545 
30 2243 
30 2804 
30 2806 
30 2823 
30 2829 
30 3115 
30 3167 
30 4110 
31 39 
31 53 
31 124 
31 132 
31 146 
31 152 
31 157 
31 160 
31 166 
31 169 
31 170 
31 175 
31 176 
31 203 
31 205 
31 222 
31 235 
31 245 
31 246 
31 254 
31 258 
31 266 
31 298 
31 302 
31 305 
31 320 
31 335 
31 341 
31 427 
31 469 
31 477 
31 646 
31 732 
31 735 
31 827 
31 896 
31 938 
31 1139 
31 1140 
31 1178 
31 1180 
31 1183 
31 1189 
31 1193 
31 1194 
31 1195 
31 1206 
31 1210 
31 1211 
31 1212 
31 1213 
31 1217 
31 1229 
31 1233 
31 1255 
31 1256 
31 1257 
31 1282 
31 1479 
31 1542 
31 1545 
31 2243 
31 2804 
31 2823 
31 3115 
31 4110 
32 39 
32 40 
32 41 
32 45 
32 50 
32 53 
32 124 
32 127 
32 132 
32 146 
32 157 
32 170 
32 175 
32 176 
32 203 
32 205 
32 245 
32 246 
32 252 
32 254 
32 266 
32 302 
32 305 
32 320 
32 341 
32 347 
32 385 
32 421 
32 425 
32 427 
32 466 
32 469 
32 509 
32 531 
32 646 
32 732 
32 735 
32 827 
32 896 
32 1163 
32 1180 
32 1183 
32 1189 
32 1193 
32 1195 
32 1211 
32 1213 
32 1217 
32 1352 
32 1458 
32 1479 
32 1542 
32 2243 
32 2543 
32 2544 
32 2804 
32 2806 
32 2823 
32 2829 
32 3167 
32 4110 
34 39 
34 53 
34 124 
34 132 
34 146 
34 152 
34 157 
34 166 
34 170 
34 175 
34 176 
34 203 
34 205 
34 222 
34 235 
34 245 
34 246 
34 254 
34 258 
34 266 
34 298 
34 302 
34 320 
34 335 
34 341 
34 427 
34 469 
34 477 
34 646 
34 732 
34 735 
34 827 
34 896 
34 938 
34 1139 
34 1140 
34 1178 
34 1180 
34 1183 
34 1189 
34 1193 
34 1194 
34 1195 
34 1206 
34 1210 
34 1212 
34 1229 
34 1233 
34 1255 
34 1256 
34 1257 
34 1282 
34 1479 
34 1542 
34 1545 
34 2243 
34 2804 
34 2823 
34 3115 
34 4110 
35 109 
35 127 
35 130 
35 252 
35 255 
35 284 
35 298 
35 302 
35 341 
35 352 
35 477 
35 552 
35 554 
35 555 
35 697 
35 732 
35 735 
35 812 
35 827 
35 887 
35 1114 
35 1163 
35 1206 
35 1210 
35 1268 
35 1269 
35 1273 
35 1280 
35 1282 
35 1287 
35 1291 
35 1293 
35 1523 
35 1524 
35 1525 
35 1542 
35 1567 
35 1570 
35 1601 
35 1820 
35 1962 
35 2243 
35 2522 
35 2804 
35 2823 
35 4110 
36 127 
36 132 
36 169 
36 252 
36 255 
36 266 
36 1211 
36 1213 
36 2823 
39 41 
39 45 
39 46 
39 89 
39 155 
39 157 
39 160 
39 234 
39 254 
39 319 
39 335 
39 421 
39 425 
39 427 
39 466 
39 469 
39 959 
39 1193 
39 1211 
39 1217 
39 1229 
39 1256 
39 1282 
39 1545 
39 1255 
40 152 
40 252 
40 255 
40 268 
40 305 
40 483 
40 1140 
41 89 
41 157 
41 243 
41 245 
41 252 
41 298 
41 421 
41 444 
41 448 
41 1140 
41 1352 
45 152 
45 166 
45 298 
45 421 
46 50 
46 127 
46 155 
46 160 
46 169 
46 234 
46 247 
46 258 
46 261 
46 266 
46 268 
46 273 
46 304 
46 335 
46 349 
46 385 
46 437 
46 444 
46 448 
46 469 
46 933 
46 1134 
46 1213 
46 1217 
46 1255 
46 1256 
46 2018 
46 2823 
46 3167 
50 53 
50 155 
50 222 
50 245 
50 246 
50 247 
50 250 
50 255 
50 258 
50 268 
50 302 
50 335 
50 385 
50 425 
50 443 
50 469 
50 1139 
50 1163 
50 1211 
50 1217 
50 1458 
50 1479 
50 2804 
50 2806 
50 2823 
50 2829 
50 3167 
53 89 
53 205 
53 234 
53 243 
53 245 
53 421 
53 448 
53 477 
53 1139 
53 1140 
53 1163 
53 1962 
53 2804 
53 2823 
53 2829 
89 155 
89 157 
89 245 
89 298 
89 319 
89 466 
89 477 
89 1193 
89 1217 
89 1229 
89 1255 
89 1256 
89 1282 
89 1545 
109 130 
109 155 
109 157 
109 166 
109 230 
109 246 
109 247 
109 250 
109 255 
109 258 
109 284 
109 298 
109 315 
109 317 
109 320 
109 335 
109 341 
109 352 
109 469 
109 477 
109 552 
109 554 
109 555 
109 556 
109 697 
109 732 
109 735 
109 762 
109 812 
109 813 
109 827 
109 857 
109 887 
109 938 
109 1114 
109 1135 
109 1163 
109 1164 
109 1189 
109 1206 
109 1210 
109 1212 
109 1229 
109 1255 
109 1256 
109 1268 
109 1269 
109 1273 
109 1280 
109 1282 
109 1287 
109 1291 
109 1293 
109 1523 
109 1524 
109 1525 
109 1545 
109 1567 
109 1570 
109 1601 
109 1820 
109 2243 
109 2522 
109 2804 
109 4110 
124 205 
124 222 
124 302 
124 304 
124 646 
124 732 
124 735 
124 827 
124 1211 
124 1213 
124 1542 
124 1545 
124 341 
124 2243 
124 2804 
124 2823 
124 4110 
127 132 
127 155 
127 230 
127 247 
127 250 
127 261 
127 268 
127 270 
127 933 
127 1134 
127 1211 
127 1213 
127 2823 
130 155 
130 157 
130 209 
130 255 
130 258 
130 270 
130 298 
130 304 
130 315 
130 341 
130 352 
130 443 
130 477 
130 552 
130 554 
130 555 
130 556 
130 697 
130 732 
130 735 
130 813 
130 827 
130 887 
130 938 
130 1114 
130 1135 
130 1163 
130 1189 
130 1206 
130 1210 
130 1212 
130 1268 
130 1269 
130 1280 
130 1282 
130 1291 
130 1293 
130 1523 
130 1524 
130 1525 
130 1545 
130 1567 
130 1570 
130 1820 
130 2522 
132 261 
132 427 
132 1478 
146 170 
146 184 
146 252 
146 378 
146 1211 
152 203 
152 205 
152 258 
152 273 
152 298 
152 304 
152 423 
152 444 
152 477 
152 1139 
152 1140 
152 1206 
152 1211 
152 1213 
152 1257 
152 1282 
152 1352 
155 169 
155 243 
155 245 
155 252 
155 298 
155 301 
155 352 
155 474 
155 477 
155 735 
155 762 
155 812 
155 813 
155 857 
155 887 
155 896 
155 1114 
155 1139 
155 1140 
155 1178 
155 1206 
155 1210 
155 1213 
155 1257 
155 1269 
155 1273 
155 1280 
155 1282 
155 1291 
155 1293 
155 1458 
155 1524 
155 1542 
155 1579 
155 1601 
155 1820 
155 2243 
155 2522 
155 2804 
155 2829 
155 4110 
157 160 
157 222 
157 243 
157 255 
157 261 
157 270 
157 284 
157 289 
157 298 
157 315 
157 317 
157 349 
157 352 
157 427 
157 448 
157 477 
157 552 
157 554 
157 555 
157 556 
157 697 
157 735 
157 762 
157 812 
157 887 
157 933 
157 1114 
157 1163 
157 1164 
157 1189 
157 1206 
157 1210 
157 1212 
157 1213 
157 1229 
157 1255 
157 1256 
157 1269 
157 1273 
157 1280 
157 1282 
157 1287 
157 1291 
157 1293 
157 1524 
157 1542 
157 1545 
157 1570 
157 1601 
157 1820 
157 2243 
157 2522 
157 2804 
157 2823 
157 4110 
160 169 
160 243 
160 273 
160 349 
160 437 
160 477 
160 1140 
160 1211 
160 1213 
160 1217 
160 1282 
160 1478 
166 175 
166 176 
166 179 
166 207 
166 222 
166 245 
166 254 
166 255 
166 270 
166 273 
166 298 
166 304 
166 315 
166 341 
166 347 
166 352 
166 385 
166 466 
166 477 
166 531 
166 552 
166 554 
166 646 
166 697 
166 732 
166 735 
166 762 
166 812 
166 813 
166 827 
166 857 
166 887 
166 896 
166 1114 
166 1139 
166 1140 
166 1206 
166 1210 
166 1213 
166 1257 
166 1268 
166 1269 
166 1280 
166 1282 
166 1291 
166 1293 
166 1478 
166 1567 
166 1579 
166 1820 
166 2522 
166 2804 
166 2992 
166 3115 
169 247 
169 250 
169 261 
169 266 
169 268 
169 273 
169 304 
169 316 
169 349 
169 437 
169 933 
169 1213 
170 230 
170 252 
170 254 
170 255 
170 266 
170 268 
170 270 
170 298 
170 315 
170 394 
170 469 
170 483 
170 554 
170 1820 
175 179 
175 245 
175 252 
175 254 
175 258 
175 320 
175 347 
175 427 
175 466 
175 531 
175 1478 
175 1479 
175 3115 
176 245 
176 252 
176 254 
176 258 
176 320 
176 347 
176 427 
176 1478 
179 250 
179 258 
179 320 
179 347 
179 425 
179 427 
179 466 
179 1478 
179 3115 
183 289 
183 305 
183 1134 
183 2543 
183 2544 
184 246 
184 284 
184 443 
184 475 
184 1211 
203 222 
203 235 
203 246 
203 247 
203 258 
203 289 
203 320 
203 335 
203 477 
203 896 
203 938 
203 1134 
203 1139 
203 1140 
203 1178 
203 1180 
203 1183 
203 1189 
203 1193 
203 1194 
203 1195 
203 1206 
203 1210 
203 1212 
203 1213 
203 1229 
203 1233 
203 1255 
203 1256 
203 1257 
203 1545 
203 2543 
203 2544 
205 222 
205 235 
205 246 
205 247 
205 258 
205 273 
205 302 
205 304 
205 305 
205 320 
205 335 
205 341 
205 477 
205 646 
205 732 
205 735 
205 827 
205 896 
205 938 
205 1139 
205 1140 
205 1178 
205 1180 
205 1183 
205 1189 
205 1193 
205 1194 
205 1195 
205 1206 
205 1210 
205 1212 
205 1213 
205 1229 
205 1233 
205 1255 
205 1256 
205 1257 
205 1542 
205 1545 
205 2243 
205 2804 
205 2823 
205 4110 
207 266 
207 425 
207 762 
207 812 
207 857 
207 1114 
207 1210 
207 1217 
207 1273 
207 1542 
207 1583 
207 1601 
207 1820 
207 4110 
209 270 
209 284 
209 298 
209 302 
209 315 
209 317 
209 320 
209 341 
209 352 
209 477 
209 552 
209 554 
209 555 
209 646 
209 697 
209 732 
209 735 
209 762 
209 812 
209 813 
209 827 
209 857 
209 887 
209 1114 
209 1163 
209 1206 
209 1210 
209 1217 
209 1268 
209 1269 
209 1273 
209 1280 
209 1287 
209 1291 
209 1293 
209 1542 
209 1567 
209 1601 
209 1820 
209 2243 
209 2522 
209 2804 
209 4110 
222 243 
222 245 
222 246 
222 266 
222 267 
222 298 
222 301 
222 305 
222 320 
222 335 
222 341 
222 385 
222 466 
222 474 
222 483 
222 509 
222 646 
222 735 
222 827 
222 896 
222 1132 
222 1135 
222 1180 
222 1183 
222 1193 
222 1194 
222 1195 
222 1211 
222 1213 
222 1217 
222 1289 
222 1352 
222 1479 
222 1542 
222 1820 
222 1962 
222 2243 
222 2543 
222 2544 
222 2804 
222 2806 
222 2829 
222 3167 
222 4110 
230 652 
230 1213 
230 2544 
234 246 
234 250 
234 298 
234 425 
234 466 
234 469 
234 474 
234 477 
234 483 
234 1132 
234 1135 
234 1195 
234 1282 
234 1523 
234 1525 
234 1820 
235 258 
235 335 
235 477 
235 896 
235 1139 
235 1140 
235 1180 
235 1183 
235 1189 
235 1193 
235 1194 
235 1206 
235 1210 
235 1212 
235 1213 
235 1217 
235 1257 
243 246 
243 298 
243 301 
243 302 
243 349 
243 425 
243 427 
243 448 
243 474 
243 933 
243 1132 
243 1135 
243 1195 
243 1523 
243 1525 
243 1820 
245 254 
245 268 
245 302 
245 347 
245 385 
245 427 
245 443 
245 469 
245 768 
245 1139 
245 1163 
245 1458 
245 2804 
245 2806 
245 2823 
245 2829 
246 273 
246 341 
246 352 
246 378 
246 385 
246 477 
246 646 
246 652 
246 735 
246 827 
246 887 
246 896 
246 1206 
246 1210 
246 1213 
246 1217 
246 1268 
246 1269 
246 1280 
246 1291 
246 1293 
246 1524 
246 1567 
246 1570 
246 1579 
246 2522 
246 2829 
246 3167 
247 252 
247 385 
247 477 
247 896 
247 1139 
247 1140 
247 1180 
247 1183 
247 1189 
247 1193 
247 1194 
247 1206 
247 1210 
247 1211 
247 1212 
247 1213 
247 1233 
247 1352 
247 2823 
247 3167 
250 254 
250 258 
250 341 
250 352 
250 385 
250 466 
250 477 
250 652 
250 887 
250 1163 
250 1206 
250 1268 
250 1269 
250 1280 
250 1293 
250 1524 
250 1525 
250 1567 
250 1570 
250 1820 
250 1962 
250 2253 
250 2254 
250 2522 
250 2829 
250 3115 
252 261 
252 268 
252 289 
252 423 
252 425 
252 745 
252 933 
252 1211 
252 2823 
254 255 
254 298 
254 304 
254 315 
254 394 
254 421 
254 443 
254 466 
254 477 
254 483 
254 509 
254 1140 
254 1352 
254 1820 
255 261 
255 298 
255 304 
255 317 
255 320 
255 341 
255 352 
255 385 
255 477 
255 552 
255 554 
255 555 
255 556 
255 697 
255 732 
255 735 
255 762 
255 812 
255 813 
255 827 
255 857 
255 887 
255 896 
255 1114 
255 1163 
255 1164 
255 1189 
255 1206 
255 1210 
255 1211 
255 1212 
255 1217 
255 1229 
255 1255 
255 1256 
255 1268 
255 1269 
255 1273 
255 1282 
255 1287 
255 1291 
255 1293 
255 1523 
255 1524 
255 1525 
255 1542 
255 1545 
255 1567 
255 1601 
255 2243 
255 2522 
255 2804 
255 2823 
255 3167 
255 4110 
258 266 
258 284 
258 298 
258 315 
258 335 
258 341 
258 352 
258 385 
258 552 
258 554 
258 555 
258 556 
258 697 
258 732 
258 735 
258 762 
258 813 
258 827 
258 857 
258 896 
258 938 
258 1114 
258 1135 
258 1178 
258 1180 
258 1183 
258 1193 
258 1194 
258 1195 
258 1210 
258 1211 
258 1212 
258 1213 
258 1217 
258 1257 
258 1268 
258 1273 
258 1280 
258 1293 
258 1478 
258 1524 
258 1525 
258 1542 
258 1556 
258 1567 
258 1570 
258 1601 
258 1820 
258 1962 
258 2243 
258 2522 
258 2804 
258 2823 
258 3067 
258 4110 
261 266 
261 483 
261 1211 
261 1213 
261 2823 
266 304 
266 335 
266 349 
266 437 
266 477 
266 554 
266 896 
266 933 
266 1132 
266 1139 
266 1140 
266 1180 
266 1183 
266 1189 
266 1193 
266 1194 
266 1206 
266 1210 
266 1212 
266 1213 
266 1257 
266 1282 
266 1545 
266 2543 
266 2544 
266 2829 
267 444 
267 1135 
267 1180 
267 1183 
267 1189 
267 1195 
267 1206 
267 1523 
267 1525 
267 1542 
267 1820 
267 1962 
267 2018 
268 385 
268 896 
268 1180 
268 1183 
268 1189 
268 1193 
268 1194 
268 1206 
268 1212 
268 1213 
268 1257 
268 1583 
268 2543 
268 2544 
268 2823 
270 341 
270 352 
270 474 
270 513 
270 555 
270 652 
270 697 
270 762 
270 812 
270 857 
270 887 
270 896 
270 933 
270 1135 
270 1163 
270 1164 
270 1183 
270 1189 
270 1194 
270 1206 
270 1210 
270 1211 
270 1229 
270 1255 
270 1256 
270 1268 
270 1269 
270 1273 
270 1287 
270 1293 
270 1523 
270 1524 
270 1525 
270 1567 
270 1570 
270 1601 
270 2243 
270 2522 
270 2804 
270 2823 
270 4110 
273 335 
273 469 
273 896 
273 938 
273 1178 
273 1180 
273 1183 
273 1189 
273 1193 
273 1194 
273 1195 
273 1206 
273 1210 
273 1211 
273 1212 
273 1213 
273 1217 
273 1229 
273 1233 
273 1255 
273 1256 
273 1257 
273 2543 
273 2544 
273 3167 
284 298 
284 304 
284 315 
284 335 
284 341 
284 352 
284 378 
284 477 
284 697 
284 732 
284 735 
284 812 
284 813 
284 827 
284 887 
284 1114 
284 1163 
284 1164 
284 1189 
284 1206 
284 1210 
284 1211 
284 1212 
284 1268 
284 1269 
284 1280 
284 1282 
284 1287 
284 1291 
284 1293 
284 1523 
284 1524 
284 1525 
284 1545 
284 1567 
284 1570 
284 1820 
284 2522 
284 2804 
289 304 
289 443 
289 2823 
298 304 
298 315 
298 317 
298 320 
298 335 
298 341 
298 352 
298 394 
298 423 
298 443 
298 444 
298 469 
298 474 
298 477 
298 513 
298 552 
298 554 
298 555 
298 556 
298 697 
298 735 
298 762 
298 812 
298 813 
298 827 
298 857 
298 887 
298 938 
298 1114 
298 1132 
298 1135 
298 1163 
298 1164 
298 1180 
298 1183 
298 1189 
298 1193 
298 1195 
298 1206 
298 1210 
298 1229 
298 1255 
298 1256 
298 1268 
298 1269 
298 1273 
298 1280 
298 1287 
298 1291 
298 1293 
298 1523 
298 1524 
298 1525 
298 1542 
298 1567 
298 1570 
298 1601 
298 1820 
298 2243 
298 2522 
298 2804 
298 4110 
301 304 
301 320 
301 443 
301 469 
301 474 
301 513 
301 938 
301 1132 
301 1135 
301 1180 
301 1183 
301 1193 
301 1195 
301 1206 
301 1523 
301 1525 
301 1542 
301 1820 
302 304 
302 315 
302 352 
302 385 
302 474 
302 477 
302 513 
302 552 
302 554 
302 555 
302 556 
302 652 
302 813 
302 887 
302 938 
302 1114 
302 1135 
302 1163 
302 1183 
302 1189 
302 1193 
302 1194 
302 1206 
302 1211 
302 1213 
302 1217 
302 1269 
302 1280 
302 1293 
302 1458 
302 1523 
302 1524 
302 1525 
302 1570 
302 1583 
302 1820 
302 2829 
302 3167 
304 305 
304 341 
304 352 
304 477 
304 483 
304 555 
304 646 
304 697 
304 732 
304 735 
304 762 
304 812 
304 827 
304 887 
304 896 
304 1114 
304 1139 
304 1140 
304 1163 
304 1180 
304 1183 
304 1189 
304 1194 
304 1195 
304 1206 
304 1210 
304 1212 
304 1217 
304 1229 
304 1233 
304 1255 
304 1268 
304 1269 
304 1273 
304 1280 
304 1282 
304 1287 
304 1291 
304 1293 
304 1352 
304 1523 
304 1524 
304 1525 
304 1542 
304 1545 
304 1567 
304 1570 
304 1601 
304 1820 
304 2243 
304 2522 
304 2804 
304 4110 
305 335 
305 477 
305 896 
305 1139 
305 1140 
305 1180 
305 1183 
305 1189 
305 1193 
305 1194 
305 1206 
305 1210 
305 1211 
305 1212 
305 1213 
305 1217 
305 1257 
305 1282 
305 1545 
305 1583 
305 2543 
305 2544 
305 2823 
315 320 
315 341 
315 352 
315 394 
315 477 
315 552 
315 554 
315 555 
315 556 
315 697 
315 732 
315 735 
315 762 
315 812 
315 827 
315 857 
315 887 
315 1135 
315 1163 
315 1189 
315 1206 
315 1210 
315 1212 
315 1229 
315 1255 
315 1256 
315 1268 
315 1269 
315 1273 
315 1280 
315 1282 
315 1287 
315 1291 
315 1293 
315 1523 
315 1524 
315 1525 
315 1542 
315 1545 
315 1567 
315 1570 
315 1601 
315 1820 
315 2243 
315 2522 
315 2804 
315 4110 
316 1139 
316 1140 
316 1213 
316 1545 
317 341 
317 352 
317 552 
317 554 
317 555 
317 556 
317 697 
317 732 
317 735 
317 812 
317 813 
317 827 
317 887 
317 938 
317 1114 
317 1135 
317 1139 
317 1140 
317 1163 
317 1164 
317 1189 
317 1206 
317 1210 
317 1212 
317 1268 
317 1269 
317 1287 
317 1291 
317 1293 
317 1523 
317 1524 
317 1525 
317 1545 
317 1567 
317 1570 
317 1820 
317 2522 
317 2804 
319 335 
319 469 
319 1193 
319 1229 
319 1255 
319 1256 
319 1282 
319 1545 
320 335 
320 341 
320 352 
320 444 
320 477 
320 483 
320 518 
320 557 
320 697 
320 732 
320 735 
320 812 
320 813 
320 827 
320 887 
320 896 
320 938 
320 1114 
320 1132 
320 1139 
320 1140 
320 1163 
320 1164 
320 1180 
320 1183 
320 1189 
320 1193 
320 1194 
320 1206 
320 1210 
320 1211 
320 1212 
320 1213 
320 1217 
320 1257 
320 1268 
320 1269 
320 1280 
320 1282 
320 1287 
320 1291 
320 1293 
320 1478 
320 1523 
320 1524 
320 1525 
320 1545 
320 1556 
320 1567 
320 1570 
320 1820 
320 1962 
320 2018 
320 2522 
320 2804 
320 3067 
335 341 
335 352 
335 385 
335 425 
335 477 
335 552 
335 554 
335 555 
335 697 
335 732 
335 735 
335 813 
335 827 
335 887 
335 896 
335 1139 
335 1140 
335 1206 
335 1211 
335 1213 
335 1217 
335 1257 
335 1268 
335 1269 
335 1282 
335 1291 
335 1293 
335 1479 
335 1523 
335 1524 
335 1525 
335 1567 
335 1570 
335 1579 
335 1962 
335 2243 
335 2522 
335 2829 
335 3167 
335 4110 
341 352 
341 443 
341 469 
341 475 
341 477 
341 552 
341 554 
341 555 
341 556 
341 697 
341 732 
341 735 
341 762 
341 812 
341 813 
341 827 
341 857 
341 887 
341 938 
341 1114 
341 1135 
341 1163 
341 1164 
341 1178 
341 1180 
341 1189 
341 1193 
341 1194 
341 1195 
341 1206 
341 1210 
341 1211 
341 1212 
341 1213 
341 1229 
341 1255 
341 1256 
341 1269 
341 1273 
341 1280 
341 1282 
341 1287 
341 1291 
341 1293 
341 1523 
341 1524 
341 1525 
341 1545 
341 1570 
341 1579 
341 1820 
341 2243 
341 2522 
341 2804 
341 2823 
341 4110 
347 421 
347 1478 
349 427 
349 448 
352 443 
352 469 
352 475 
352 477 
352 552 
352 554 
352 555 
352 556 
352 646 
352 652 
352 697 
352 732 
352 735 
352 762 
352 812 
352 813 
352 827 
352 857 
352 887 
352 938 
352 1114 
352 1135 
352 1140 
352 1163 
352 1164 
352 1178 
352 1189 
352 1193 
352 1195 
352 1206 
352 1210 
352 1211 
352 1212 
352 1229 
352 1255 
352 1256 
352 1268 
352 1269 
352 1273 
352 1280 
352 1282 
352 1287 
352 1291 
352 1293 
352 1523 
352 1524 
352 1525 
352 1542 
352 1545 
352 1567 
352 1570 
352 1579 
352 1601 
352 1820 
352 2243 
352 2804 
352 4110 
378 423 
378 443 
378 475 
378 1211 
385 427 
385 443 
385 469 
385 1139 
385 1163 
385 1211 
385 1217 
385 1458 
385 2804 
385 2806 
385 2823 
385 2829 
385 3167 
394 1180 
394 1193 
394 1962 
421 425 
421 427 
421 466 
423 444 
423 1352 
425 477 
425 483 
425 1139 
425 1140 
425 1163 
425 1183 
425 1217 
425 1282 
425 1478 
425 1523 
425 1524 
425 1525 
425 1820 
425 2804 
425 2823 
425 2829 
425 2992 
427 448 
427 933 
427 1478 
427 2992 
443 444 
443 477 
443 646 
443 697 
443 732 
443 735 
443 762 
443 812 
443 827 
443 887 
443 1140 
443 1178 
443 1206 
443 1268 
443 1269 
443 1282 
443 1291 
443 1293 
443 1567 
443 1820 
443 2243 
443 2522 
443 2543 
443 2544 
443 2804 
443 2829 
443 4110 
444 938 
444 1132 
444 1135 
444 1180 
444 1183 
444 1193 
444 1229 
444 1255 
444 1256 
444 1579 
444 1820 
444 1962 
448 469 
448 933 
448 1140 
448 1255 
448 1256 
466 477 
466 1140 
466 1282 
466 1478 
469 474 
469 552 
469 554 
469 555 
469 652 
469 732 
469 735 
469 827 
469 1210 
469 1213 
469 1268 
469 1291 
469 1293 
469 1524 
469 1567 
469 1820 
469 1962 
469 2522 
469 2829 
474 483 
474 1132 
474 1195 
474 1523 
474 1525 
474 1820 
475 732 
475 735 
475 762 
475 812 
475 827 
475 857 
475 1114 
475 1206 
475 1210 
475 1211 
475 1269 
475 2522 
477 552 
477 554 
477 555 
477 556 
477 652 
477 697 
477 732 
477 735 
477 762 
477 812 
477 813 
477 827 
477 857 
477 887 
477 896 
477 938 
477 1135 
477 1164 
477 1180 
477 1183 
477 1193 
477 1206 
477 1210 
477 1211 
477 1212 
477 1213 
477 1217 
477 1229 
477 1233 
477 1255 
477 1268 
477 1273 
477 1280 
477 1291 
477 1293 
477 1479 
477 1542 
477 1570 
477 1601 
477 1820 
477 2243 
477 2522 
477 2804 
477 4110 
483 1132 
483 1183 
483 1195 
483 1523 
483 1524 
483 1525 
483 1820 
509 1163 
510 1163 
513 1206 
513 1542 
513 1820 
518 1556 
531 1478 
552 697 
552 732 
552 735 
552 812 
552 813 
552 827 
552 887 
552 1114 
552 1163 
552 1164 
552 1189 
552 1206 
552 1210 
552 1212 
552 1229 
552 1255 
552 1256 
552 1268 
552 1269 
552 1273 
552 1280 
552 1282 
552 1287 
552 1291 
552 1293 
552 1523 
552 1524 
552 1525 
552 1542 
552 1545 
552 1567 
552 1570 
552 1601 
552 1820 
552 2243 
552 2522 
552 2804 
552 4110 
554 697 
554 735 
554 762 
554 812 
554 813 
554 827 
554 857 
554 887 
554 1114 
554 1135 
554 1163 
554 1164 
554 1189 
554 1206 
554 1210 
554 1212 
554 1229 
554 1255 
554 1256 
554 1268 
554 1269 
554 1273 
554 1280 
554 1282 
554 1287 
554 1291 
554 1293 
554 1523 
554 1524 
554 1525 
554 1542 
554 1545 
554 1567 
554 1570 
554 1601 
554 1820 
554 2243 
554 2522 
554 2804 
554 4110 
555 697 
555 735 
555 812 
555 813 
555 827 
555 887 
555 938 
555 1114 
555 1163 
555 1189 
555 1206 
555 1210 
555 1212 
555 1229 
555 1255 
555 1256 
555 1268 
555 1269 
555 1273 
555 1280 
555 1282 
555 1287 
555 1291 
555 1293 
555 1542 
555 1545 
555 1567 
555 1601 
555 1820 
555 2243 
555 2522 
555 2804 
555 4110 
556 697 
556 732 
556 735 
556 812 
556 813 
556 827 
556 887 
556 1114 
556 1163 
556 1206 
556 1210 
556 1268 
556 1269 
556 1273 
556 1280 
556 1282 
556 1287 
556 1291 
556 1293 
556 1523 
556 1524 
556 1525 
556 1542 
556 1567 
556 1570 
556 1601 
556 1820 
556 2243 
556 2522 
556 2804 
556 4110 
557 1556 
635 732 
646 652 
646 697 
646 1178 
646 1206 
646 1211 
646 1213 
646 1268 
646 1293 
646 1545 
646 1579 
646 1601 
646 1820 
646 2243 
646 2804 
646 2823 
646 4110 
652 1139 
652 1193 
652 1282 
652 1542 
652 1579 
652 1820 
697 732 
697 735 
697 812 
697 827 
697 938 
697 1135 
697 1163 
697 1164 
697 1189 
697 1206 
697 1210 
697 1212 
697 1229 
697 1255 
697 1256 
697 1268 
697 1269 
697 1273 
697 1280 
697 1282 
697 1287 
697 1291 
697 1524 
697 1545 
697 1567 
697 1570 
697 1820 
697 2243 
697 2522 
697 2804 
697 4110 
732 762 
732 812 
732 813 
732 857 
732 887 
732 938 
732 1114 
732 1135 
732 1163 
732 1164 
732 1189 
732 1206 
732 1210 
732 1211 
732 1213 
732 1229 
732 1255 
732 1256 
732 1268 
732 1269 
732 1273 
732 1280 
732 1287 
732 1293 
732 1525 
732 1542 
732 1567 
732 1570 
732 1601 
732 1820 
732 2243 
732 2522 
732 2804 
732 2823 
732 4110 
735 762 
735 812 
735 813 
735 857 
735 887 
735 938 
735 1114 
735 1135 
735 1163 
735 1164 
735 1183 
735 1189 
735 1206 
735 1210 
735 1211 
735 1212 
735 1213 
735 1229 
735 1255 
735 1256 
735 1268 
735 1269 
735 1273 
735 1280 
735 1282 
735 1287 
735 1293 
735 1525 
735 1542 
735 1545 
735 1567 
735 1570 
735 1601 
735 1820 
735 2243 
735 2522 
735 2804 
735 2823 
735 4110 
762 827 
762 887 
762 938 
762 1163 
762 1189 
762 1206 
762 1210 
762 1212 
762 1268 
762 1269 
762 1273 
762 1282 
762 1291 
762 1293 
762 1523 
762 1524 
762 1525 
762 1542 
762 1545 
762 1567 
762 1570 
762 1583 
762 1601 
762 1820 
762 2243 
762 2522 
762 4110 
812 813 
812 827 
812 938 
812 1114 
812 1135 
812 1189 
812 1210 
812 1212 
812 1268 
812 1273 
812 1280 
812 1282 
812 1291 
812 1293 
812 1523 
812 1524 
812 1525 
812 1545 
812 1567 
812 1570 
812 1583 
812 1601 
812 1820 
812 2243 
813 827 
813 938 
813 1163 
813 1164 
813 1189 
813 1206 
813 1210 
813 1212 
813 1229 
813 1255 
813 1256 
813 1268 
813 1269 
813 1273 
813 1282 
813 1291 
813 1293 
813 1523 
813 1524 
813 1525 
813 1542 
813 1545 
813 1567 
813 1570 
813 1601 
813 1820 
813 2243 
813 2522 
813 2804 
813 4110 
827 857 
827 887 
827 938 
827 1114 
827 1135 
827 1163 
827 1164 
827 1183 
827 1189 
827 1206 
827 1211 
827 1213 
827 1229 
827 1255 
827 1256 
827 1268 
827 1269 
827 1280 
827 1282 
827 1287 
827 1293 
827 1525 
827 1542 
827 1545 
827 1567 
827 1570 
827 1601 
827 1820 
827 2243 
827 2522 
827 2804 
827 2823 
827 4110 
857 938 
857 1163 
857 1189 
857 1206 
857 1210 
857 1212 
857 1268 
857 1269 
857 1282 
857 1291 
857 1293 
857 1523 
857 1524 
857 1525 
857 1542 
857 1545 
857 1567 
857 1570 
857 1583 
857 1601 
857 1820 
857 2243 
857 2522 
857 4110 
887 938 
887 1114 
887 1135 
887 1178 
887 1189 
887 1210 
887 1212 
887 1268 
887 1273 
887 1280 
887 1282 
887 1291 
887 1523 
887 1524 
887 1525 
887 1542 
887 1545 
887 1567 
887 1570 
887 1820 
887 2243 
887 2522 
887 2804 
887 4110 
896 938 
896 1178 
896 1180 
896 1183 
896 1206 
896 1210 
896 1211 
896 1212 
896 1213 
896 1217 
896 1233 
896 1255 
896 1256 
896 1257 
896 1282 
896 1545 
933 1211 
933 2823 
938 1139 
938 1140 
938 1163 
938 1178 
938 1206 
938 1211 
938 1213 
938 1217 
938 1257 
938 1268 
938 1269 
938 1280 
938 1282 
938 1291 
938 1293 
938 1523 
938 1524 
938 1525 
938 1567 
938 1570 
938 1579 
938 1962 
938 2243 
938 2522 
938 2804 
938 4110 
959 1193 
959 1229 
959 1255 
959 1256 
959 1282 
959 1545 
1114 1164 
1114 1206 
1114 1212 
1114 1229 
1114 1255 
1114 1268 
1114 1291 
1114 1293 
1114 1523 
1114 1524 
1114 1525 
1114 1545 
1114 1567 
1114 1570 
1114 1583 
1114 1820 
1114 2243 
1114 2522 
1114 2804 
1114 4110 
1132 1189 
1132 1194 
1132 1523 
1132 1525 
1132 1820 
1134 1213 
1135 1206 
1135 1268 
1135 1269 
1135 1282 
1135 1287 
1135 1291 
1135 1293 
1135 1523 
1135 1524 
1135 1525 
1135 1567 
1135 1820 
1135 2018 
1135 2243 
1135 2522 
1135 2804 
1135 4110 
1139 1180 
1139 1183 
1139 1193 
1139 1206 
1139 1210 
1139 1211 
1139 1213 
1139 1217 
1139 1233 
1139 1458 
1139 1479 
1139 2804 
1139 2806 
1139 2823 
1139 2829 
1140 1180 
1140 1183 
1140 1193 
1140 1206 
1140 1210 
1140 1211 
1140 1213 
1140 1217 
1140 1229 
1140 1233 
1140 1255 
1140 1273 
1140 1479 
1140 1542 
1140 1601 
1140 2018 
1140 2522 
1140 2804 
1140 4110 
1163 1210 
1163 1212 
1163 1268 
1163 1273 
1163 1291 
1163 1293 
1163 1458 
1163 1479 
1163 1523 
1163 1524 
1163 1525 
1163 1542 
1163 1545 
1163 1567 
1163 1601 
1163 1820 
1163 2243 
1163 2522 
1163 2804 
1163 2806 
1163 2823 
1163 2829 
1163 4110 
1164 1210 
1164 1268 
1164 1273 
1164 1282 
1164 1291 
1164 1293 
1164 1542 
1164 1567 
1164 1601 
1164 1820 
1164 2243 
1164 2522 
1164 4110 
1178 1180 
1178 1183 
1178 1193 
1178 1206 
1178 1210 
1178 1211 
1178 1212 
1178 1213 
1178 1217 
1178 1233 
1178 1293 
1178 2522 
1180 1206 
1180 1210 
1180 1211 
1180 1213 
1180 1217 
1180 1257 
1180 1268 
1180 1273 
1180 1282 
1180 1293 
1180 1524 
1180 1542 
1180 1579 
1180 1820 
1180 1962 
1180 2018 
1180 2804 
1183 1206 
1183 1210 
1183 1211 
1183 1213 
1183 1217 
1183 1257 
1183 1282 
1183 1523 
1183 1524 
1183 1525 
1183 1542 
1183 1579 
1183 1820 
1183 1962 
1183 2018 
1183 2253 
1183 2254 
1189 1206 
1189 1210 
1189 1211 
1189 1213 
1189 1217 
1189 1233 
1189 1268 
1189 1273 
1189 1280 
1189 1291 
1189 1293 
1189 1523 
1189 1524 
1189 1525 
1189 1542 
1189 1567 
1189 1570 
1189 1579 
1189 1601 
1189 1820 
1189 1962 
1189 2018 
1189 2243 
1189 2522 
1189 2804 
1189 4110 
1193 1206 
1193 1210 
1193 1211 
1193 1213 
1193 1217 
1193 1257 
1193 1268 
1193 1273 
1193 1282 
1193 1293 
1193 1524 
1193 1542 
1193 1579 
1193 1601 
1193 1820 
1193 1962 
1193 2018 
1193 2522 
1193 2804 
1193 4110 
1194 1206 
1194 1210 
1194 1211 
1194 1213 
1194 1217 
1194 1233 
1194 1268 
1194 1273 
1194 1293 
1194 1524 
1194 1542 
1194 1579 
1194 1820 
1194 2804 
1195 1206 
1195 1210 
1195 1211 
1195 1213 
1195 1217 
1195 1268 
1195 1293 
1195 1523 
1195 1524 
1195 1525 
1195 1820 
1195 1962 
1195 2018 
1195 2522 
1206 1210 
1206 1211 
1206 1212 
1206 1213 
1206 1217 
1206 1233 
1206 1268 
1206 1273 
1206 1280 
1206 1282 
1206 1291 
1206 1293 
1206 1523 
1206 1524 
1206 1525 
1206 1542 
1206 1545 
1206 1567 
1206 1570 
1206 1601 
1206 1820 
1206 2243 
1206 2522 
1206 2804 
1206 4110 
1210 1211 
1210 1213 
1210 1217 
1210 1229 
1210 1233 
1210 1255 
1210 1256 
1210 1257 
1210 1268 
1210 1269 
1210 1280 
1210 1282 
1210 1287 
1210 1293 
1210 1523 
1210 1524 
1210 1525 
1210 1545 
1210 1567 
1210 1570 
1210 1579 
1210 1583 
1210 1820 
1210 2243 
1210 2522 
1210 2804 
1210 4110 
1211 1212 
1211 1229 
1211 1233 
1211 1255 
1211 1256 
1211 1257 
1211 1273 
1211 1542 
1211 1545 
1211 1579 
1211 1583 
1211 1601 
1211 2243 
1211 2522 
1211 2543 
1211 2544 
1211 2804 
1211 2829 
1211 4110 
1212 1213 
1212 1217 
1212 1233 
1212 1268 
1212 1269 
1212 1280 
1212 1287 
1212 1293 
1212 1523 
1212 1524 
1212 1525 
1212 1542 
1212 1567 
1212 1570 
1212 1601 
1212 1820 
1212 2243 
1212 2522 
1212 2804 
1212 4110 
1213 1229 
1213 1233 
1213 1255 
1213 1256 
1213 1257 
1213 1542 
1213 1545 
1213 1583 
1213 2243 
1213 2804 
1213 2829 
1213 3167 
1213 4110 
1217 1229 
1217 1233 
1217 1255 
1217 1256 
1217 1257 
1217 1545 
1217 2823 
1229 1257 
1229 1268 
1229 1280 
1229 1282 
1229 1291 
1229 1293 
1229 1523 
1229 1524 
1229 1525 
1229 1567 
1229 1570 
1229 1820 
1229 1962 
1229 2018 
1229 2522 
1233 1257 
1255 1257 
1255 1268 
1255 1280 
1255 1282 
1255 1291 
1255 1293 
1255 1523 
1255 1524 
1255 1525 
1255 1567 
1255 1570 
1255 1820 
1255 2018 
1255 2522 
1256 1268 
1256 1291 
1256 1293 
1256 1523 
1256 1524 
1256 1525 
1256 1567 
1256 1570 
1256 1820 
1256 2018 
1256 2522 
1268 1269 
1268 1273 
1268 1280 
1268 1282 
1268 1287 
1268 1291 
1268 1293 
1268 1523 
1268 1524 
1268 1525 
1268 1542 
1268 1545 
1268 1570 
1268 1579 
1268 1601 
1268 1820 
1268 2243 
1268 2522 
1268 2804 
1268 4110 
1269 1273 
1269 1280 
1269 1291 
1269 1293 
1269 1523 
1269 1524 
1269 1525 
1269 1542 
1269 1545 
1269 1567 
1269 1570 
1269 1601 
1269 1820 
1269 2243 
1269 2522 
1269 2804 
1269 4110 
1273 1280 
1273 1282 
1273 1287 
1273 1293 
1273 1523 
1273 1524 
1273 1525 
1273 1545 
1273 1567 
1273 1570 
1273 1579 
1273 1583 
1273 1820 
1273 2522 
1273 2804 
1280 1282 
1280 1291 
1280 1293 
1280 1523 
1280 1524 
1280 1525 
1280 1542 
1280 1545 
1280 1567 
1280 1570 
1280 1601 
1280 1820 
1280 2243 
1280 2522 
1280 2804 
1280 4110 
1282 1289 
1282 1291 
1282 1293 
1282 1479 
1282 1542 
1282 1570 
1282 1601 
1282 1820 
1282 1962 
1282 2243 
1282 2522 
1282 2804 
1282 4110 
1287 1291 
1287 1293 
1287 1523 
1287 1524 
1287 1525 
1287 1542 
1287 1545 
1287 1567 
1287 1570 
1287 1601 
1287 1820 
1287 2243 
1287 2522 
1287 4110 
1289 1479 
1289 1962 
1291 1293 
1291 1525 
1291 1542 
1291 1545 
1291 1567 
1291 1570 
1291 1601 
1291 1820 
1291 2243 
1291 2522 
1291 2804 
1291 4110 
1293 1523 
1293 1524 
1293 1525 
1293 1542 
1293 1545 
1293 1567 
1293 1570 
1293 1579 
1293 1601 
1293 1820 
1293 2243 
1293 2522 
1293 2804 
1293 4110 
1458 1479 
1458 2804 
1458 2806 
1458 2829 
1478 3115 
1479 1545 
1479 1962 
1479 2804 
1479 2823 
1479 2829 
1523 1545 
1523 1579 
1523 1601 
1523 2243 
1523 2253 
1523 2254 
1523 2522 
1523 2804 
1523 3067 
1523 4110 
1524 1545 
1524 1579 
1524 1601 
1524 2243 
1524 2253 
1524 2254 
1524 2522 
1524 2804 
1524 4110 
1525 1545 
1525 1579 
1525 1601 
1525 2243 
1525 2253 
1525 2254 
1525 2522 
1525 2804 
1525 4110 
1542 1545 
1542 1567 
1542 1570 
1542 1579 
1542 1583 
1542 1820 
1542 2804 
1542 2823 
1545 1567 
1545 1570 
1545 1601 
1545 1820 
1545 2243 
1545 2522 
1545 2543 
1545 2544 
1545 2804 
1545 2823 
1545 3167 
1545 4110 
1556 3067 
1567 1570 
1567 1601 
1567 1820 
1567 2243 
1567 2522 
1567 2804 
1567 4110 
1570 1601 
1570 2243 
1570 2522 
1570 2804 
1570 4110 
1579 1820 
1579 2804 
1583 1601 
1583 4110 
1601 1820 
1601 2522 
1601 2804 
1820 2243 
1820 2253 
1820 2254 
1820 2522 
1820 2804 
1820 4110 
1962 2018 
2243 2522 
2243 2804 
2243 2823 
2522 2804 
2543 3167 
2544 3167 
2804 2829 
2804 4110 
2806 2829 
2823 2829 
2823 3167 
2823 4110 
3 15 
3 18 
3 25 
3 222 
5 12 
5 169 
5 175 
5 176 
5 179 
5 258 
5 421 
5 553 
5 554 
5 555 
5 635 
7 207 
7 234 
7 341 
7 554 
7 635 
7 1212 
7 1268 
7 1525 
7 1962 
8 12 
8 183 
8 234 
8 255 
8 335 
8 341 
8 1212 
10 448 
10 553 
11 146 
11 169 
11 179 
11 203 
11 230 
11 269 
11 284 
11 289 
11 316 
11 352 
11 379 
11 448 
11 513 
11 635 
11 938 
11 1114 
11 1210 
11 1268 
11 1273 
11 1601 
11 2522 
12 21 
12 23 
12 146 
12 166 
12 169 
12 183 
12 203 
12 207 
12 230 
12 266 
12 269 
12 284 
12 289 
12 316 
12 320 
12 474 
12 553 
12 554 
12 555 
12 635 
12 1268 
12 1523 
12 1525 
12 2806 
15 169 
15 183 
15 203 
15 269 
15 273 
15 349 
15 378 
15 437 
15 474 
15 553 
15 554 
15 555 
15 635 
15 1523 
15 1525 
16 36 
16 109 
16 127 
16 130 
16 152 
16 169 
16 183 
16 184 
16 234 
16 247 
16 255 
16 258 
16 305 
16 315 
16 320 
16 349 
16 352 
16 378 
16 423 
16 437 
16 933 
16 1206 
18 166 
18 169 
18 183 
18 203 
18 246 
18 258 
18 269 
18 273 
18 289 
18 320 
18 474 
18 553 
18 554 
18 555 
18 635 
18 1523 
18 1525 
18 3167 
21 30 
21 32 
21 36 
21 89 
21 157 
21 203 
21 205 
21 230 
21 266 
21 268 
21 269 
21 284 
21 289 
21 553 
21 635 
21 1211 
21 2806 
21 3167 
23 146 
23 179 
23 183 
23 184 
23 234 
23 255 
23 304 
23 341 
23 349 
23 378 
23 379 
23 423 
23 437 
25 169 
25 183 
25 230 
25 635 
25 646 
25 1178 
27 109 
27 124 
27 146 
27 152 
27 157 
27 166 
27 169 
27 203 
27 205 
27 252 
27 266 
27 305 
27 341 
27 352 
27 378 
27 421 
27 423 
27 635 
27 646 
27 652 
27 732 
27 768 
27 1114 
27 1178 
27 1210 
27 1268 
27 1269 
27 1293 
27 1601 
27 2522 
27 4110 
30 35 
30 130 
30 289 
30 319 
30 352 
30 421 
30 423 
30 474 
30 513 
30 652 
30 768 
30 887 
30 1132 
30 1268 
30 1523 
30 1524 
31 130 
31 184 
31 269 
31 270 
31 284 
31 289 
31 378 
31 421 
31 423 
31 474 
31 553 
31 554 
31 555 
31 635 
31 652 
31 768 
31 1523 
31 1525 
31 2806 
31 3167 
32 109 
32 130 
32 152 
32 166 
32 169 
32 184 
32 235 
32 269 
32 289 
32 315 
32 352 
32 378 
32 474 
32 553 
32 554 
32 555 
32 635 
32 652 
32 1206 
32 1523 
32 1525 
34 130 
34 169 
34 184 
34 269 
34 284 
34 378 
34 421 
34 423 
34 474 
34 553 
34 554 
34 555 
34 635 
34 652 
34 1523 
34 1525 
34 2806 
34 3167 
35 169 
35 184 
35 269 
35 378 
35 2806 
36 109 
36 124 
36 130 
36 146 
36 157 
36 166 
36 170 
36 203 
36 205 
36 235 
36 246 
36 258 
36 269 
36 289 
36 302 
36 305 
36 320 
36 352 
36 421 
36 474 
36 553 
36 554 
36 555 
36 635 
36 646 
36 652 
36 732 
36 735 
36 827 
36 1206 
36 1523 
36 1525 
36 1542 
36 1545 
36 2804 
36 3167 
40 184 
40 245 
40 246 
40 284 
40 349 
40 378 
40 448 
40 475 
40 1212 
40 1962 
41 184 
41 258 
41 304 
41 378 
41 3067 
45 222 
45 378 
89 183 
89 184 
89 255 
89 304 
89 317 
89 341 
89 378 
109 169 
109 170 
109 261 
109 268 
109 635 
109 646 
109 1178 
109 1556 
124 130 
124 146 
124 166 
124 169 
124 203 
124 230 
124 234 
124 235 
124 246 
124 247 
124 252 
124 258 
124 261 
124 266 
124 268 
124 273 
124 305 
124 319 
124 347 
124 652 
124 1523 
127 130 
127 152 
127 169 
127 170 
127 222 
127 258 
127 305 
130 169 
130 170 
130 203 
130 205 
130 222 
130 230 
130 234 
130 252 
130 261 
130 273 
130 421 
130 652 
132 152 
146 157 
146 169 
146 175 
146 176 
146 179 
146 203 
146 205 
146 222 
146 269 
146 270 
146 341 
146 352 
146 379 
146 421 
146 448 
146 474 
146 553 
146 554 
146 555 
146 635 
146 652 
146 1114 
146 1210 
146 1268 
146 1523 
146 1525 
146 2522 
146 3167 
152 169 
152 175 
152 176 
152 179 
152 222 
152 245 
152 252 
152 347 
155 319 
155 448 
155 553 
157 169 
157 234 
157 235 
157 273 
157 316 
157 319 
157 421 
157 553 
157 652 
157 1132 
166 169 
166 170 
166 234 
166 261 
166 421 
166 474 
166 553 
166 635 
169 170 
169 203 
169 205 
169 222 
169 230 
169 234 
169 235 
169 243 
169 246 
169 252 
169 269 
169 270 
169 284 
169 289 
169 298 
169 305 
169 320 
169 335 
169 341 
169 352 
169 421 
169 443 
169 448 
169 474 
169 553 
169 554 
169 555 
169 635 
169 646 
169 652 
169 732 
169 735 
169 938 
169 1114 
169 1178 
169 1206 
169 1210 
169 1211 
169 1268 
169 1269 
169 1273 
169 1293 
169 1523 
169 1525 
169 1542 
169 1545 
169 1601 
169 2522 
169 2806 
169 3167 
169 4110 
170 203 
170 205 
170 222 
170 234 
170 235 
170 246 
170 247 
170 258 
170 261 
170 273 
170 304 
170 305 
170 319 
170 347 
170 652 
170 827 
170 1211 
170 1213 
170 1523 
170 2804 
175 379 
175 1211 
175 1212 
176 378 
176 379 
176 1211 
176 1212 
179 379 
183 207 
183 222 
183 230 
183 234 
183 247 
183 258 
183 298 
183 304 
183 320 
183 341 
184 222 
184 245 
184 270 
184 304 
184 315 
184 335 
184 768 
203 230 
203 234 
203 261 
203 270 
203 302 
203 304 
203 316 
203 421 
203 474 
203 553 
203 554 
203 555 
203 635 
203 652 
203 1525 
205 207 
205 230 
205 234 
205 261 
205 284 
205 298 
205 421 
205 1524 
205 1525 
205 2806 
207 230 
207 247 
207 250 
207 258 
207 273 
207 298 
207 304 
207 320 
207 335 
207 341 
207 352 
207 646 
207 735 
207 827 
207 887 
207 1211 
207 1268 
207 1579 
207 2522 
209 266 
209 301 
209 1556 
222 235 
222 252 
222 378 
222 421 
222 652 
222 1212 
230 234 
230 243 
230 289 
230 298 
230 302 
230 341 
230 352 
230 553 
230 646 
230 732 
230 735 
230 1178 
230 1206 
230 1210 
230 1217 
230 1268 
230 1269 
230 1273 
230 1293 
230 1524 
230 1525 
230 1542 
230 1601 
230 2522 
230 2806 
230 3167 
230 4110 
234 235 
234 255 
234 266 
234 305 
234 341 
234 347 
234 421 
234 652 
235 261 
235 304 
235 652 
235 1523 
243 269 
243 341 
243 352 
243 938 
243 1114 
243 1210 
243 1268 
243 1273 
243 1542 
243 1601 
243 2522 
243 2806 
243 2823 
243 4110 
245 270 
245 304 
245 315 
245 316 
245 317 
245 335 
245 378 
246 347 
246 421 
246 553 
246 768 
246 1556 
247 298 
247 341 
247 352 
247 378 
247 421 
247 423 
247 635 
247 646 
247 732 
247 735 
247 768 
247 827 
247 1132 
247 1268 
247 1269 
247 1293 
247 1545 
247 2522 
247 2804 
250 319 
250 378 
250 768 
250 1556 
252 258 
252 304 
252 305 
252 319 
252 335 
252 646 
252 735 
252 827 
252 1213 
252 1524 
252 1962 
252 2804 
255 301 
255 347 
255 423 
255 646 
255 3067 
258 269 
258 421 
258 474 
258 475 
258 553 
258 635 
258 646 
258 652 
261 269 
261 302 
261 352 
261 378 
261 421 
261 423 
261 474 
261 553 
261 554 
261 555 
261 635 
261 646 
261 652 
261 732 
261 735 
261 768 
261 827 
261 1206 
261 1523 
261 1525 
261 1542 
261 1545 
261 2804 
261 3167 
266 652 
266 1524 
266 1525 
266 1579 
268 298 
268 315 
268 341 
268 347 
268 352 
268 474 
268 553 
268 554 
268 555 
268 646 
268 732 
268 735 
268 827 
268 1268 
268 1269 
268 1293 
268 2522 
268 2804 
269 273 
269 302 
269 316 
269 320 
269 335 
269 341 
269 352 
269 448 
269 474 
269 553 
269 555 
269 735 
269 827 
269 1210 
269 1268 
269 1273 
269 1601 
269 2522 
269 2806 
270 289 
270 349 
270 378 
270 423 
270 553 
270 635 
270 1178 
270 1217 
270 1556 
270 1962 
270 3167 
273 289 
273 298 
273 302 
273 347 
273 421 
273 474 
273 553 
273 554 
273 555 
273 635 
273 652 
273 1523 
273 1525 
284 513 
284 1132 
284 1213 
284 1556 
284 1962 
289 474 
289 553 
289 554 
289 555 
289 735 
289 827 
289 1523 
289 1525 
289 3167 
298 635 
298 646 
298 1178 
298 1211 
301 341 
301 352 
301 646 
301 827 
301 1268 
301 2243 
301 2522 
301 4110 
302 448 
302 553 
302 1556 
302 1962 
304 378 
304 421 
304 448 
304 1178 
304 1556 
304 1962 
304 2806 
305 635 
305 735 
305 827 
305 1523 
305 1525 
315 349 
315 378 
315 448 
315 646 
315 768 
316 423 
316 448 
316 474 
316 553 
316 554 
316 555 
316 635 
316 768 
316 1523 
316 1525 
316 3167 
317 423 
317 448 
317 768 
317 1962 
317 3067 
319 347 
319 635 
319 735 
319 827 
319 1211 
319 1213 
319 1525 
319 1542 
319 2804 
320 635 
320 646 
320 652 
335 378 
335 652 
335 768 
335 1556 
341 448 
341 635 
341 2806 
347 423 
347 827 
347 1211 
347 1213 
347 1962 
347 2804 
347 2823 
352 448 
352 635 
352 2806 
378 768 
421 652 
421 1523 
423 1211 
423 1962 
423 2823 
443 553 
444 513 
444 1211 
444 1213 
448 938 
448 1114 
448 1210 
448 1268 
448 1273 
448 1542 
448 1601 
448 2806 
448 2522 
469 1556 
474 554 
474 635 
474 1193 
474 1211 
474 1213 
474 1556 
474 1962 
474 3167 
513 1132 
552 1556 
552 1962 
553 635 
553 1211 
553 1523 
553 1525 
553 3167 
554 635 
554 1211 
554 3167 
555 635 
555 1211 
555 3167 
635 646 
635 652 
635 827 
635 1206 
635 1211 
635 1268 
635 1269 
635 1293 
635 1545 
635 2522 
635 3167 
635 4110 
646 1114 
646 1269 
646 2522 
652 735 
652 827 
652 1545 
732 1178 
735 1178 
938 2806 
1114 2806 
1132 1213 
1178 1268 
1178 1545 
1210 2806 
1211 1268 
1211 1525 
1213 1579 
1217 1579 
1268 2806 
1525 3167 
1545 1556 
1556 1962 
1962 3067 
2522 2806 
3 16 
3 127 
3 155 
3 184 
3 246 
3 247 
5 109 
7 109 
8 109 
8 124 
8 127 
8 170 
8 203 
8 269 
11 183 
11 184 
11 235 
11 252 
11 266 
11 319 
11 1178 
11 2951 
12 175 
12 176 
12 184 
15 109 
15 243 
15 301 
15 319 
16 235 
16 266 
16 301 
16 319 
18 243 
18 245 
21 124 
21 152 
21 175 
21 176 
21 183 
21 235 
23 169 
25 124 
25 127 
25 152 
25 175 
25 176 
25 184 
25 203 
25 205 
25 235 
25 245 
25 266 
25 513 
27 319 
89 127 
89 169 
89 175 
89 176 
89 247 
109 124 
109 146 
109 160 
109 203 
109 234 
109 266 
109 269 
124 160 
124 267 
124 269 
124 270 
124 301 
124 513 
124 938 
130 269 
132 146 
146 245 
152 183 
152 243 
152 254 
152 301 
157 267 
157 301 
157 513 
160 184 
160 203 
160 252 
160 269 
166 243 
166 267 
166 301 
166 933 
169 175 
169 176 
169 245 
169 254 
169 255 
169 301 
169 319 
175 234 
176 234 
183 243 
183 246 
183 254 
183 301 
184 247 
184 250 
203 243 
203 267 
203 301 
203 513 
205 243 
205 267 
205 270 
205 301 
205 513 
205 933 
230 245 
230 254 
230 301 
234 245 
234 252 
234 269 
235 243 
235 252 
235 254 
235 301 
235 319 
235 513 
243 245 
243 254 
243 266 
243 268 
245 246 
245 247 
246 254 
247 301 
252 254 
252 266 
254 266 
254 268 
254 301 
254 319 
255 319 
258 301 
266 301 
266 319 
268 301 
268 513 
301 319 
1178 2951 
2243 2951 
2951 4110 
127 175 
