1 2 
1 3 
1 4 
1 5 
1 6 
1 7 
1 8 
1 9 
1 10 
1 11 
1 12 
1 13 
1 14 
1 15 
1 16 
1 11 
1 17 
1 8 
1 18 
1 19 
1 20 
1 21 
1 22 
1 9 
1 12 
1 14 
1 23 
1 24 
1 3 
1 17 
1 19 
1 8 
1 25 
1 21 
1 20 
1 5 
1 6 
1 24 
1 26 
1 12 
1 11 
1 14 
1 23 
1 16 
1 9 
1 22 
1 8 
1 27 
1 12 
1 24 
1 27 
1 22 
1 8 
1 5 
1 8 
1 8 
1 28 
1 8 
1 5 
1 29 
1 5 
1 27 
1 23 
1 8 
1 5 
1 5 
1 5 
1 8 
1 8 
1 8 
1 5 
1 3 
1 3 
1 3 
1 3 
1 3 
1 15 
1 3 
42 78 
42 78 
42 79 
42 78 
42 79 
42 78 
42 28 
42 78 
42 28 
42 28 
42 28 
42 78 
42 28 
42 78 
42 79 
42 78 
42 28 
42 78 
42 28 
42 80 
18 27 
18 35 
18 11 
18 20 
18 3 
18 7 
18 9 
18 23 
18 25 
18 1 
18 14 
18 5 
18 13 
18 12 
18 8 
18 10 
18 2 
18 22 
18 56 
18 45 
18 14 
18 13 
18 21 
18 3 
18 12 
18 17 
18 27 
18 6 
18 25 
18 43 
18 10 
18 11 
18 22 
18 15 
18 47 
18 12 
18 14 
18 5 
18 4 
18 19 
18 56 
18 1 
18 2 
18 23 
18 9 
18 21 
18 11 
18 26 
18 7 
18 6 
18 22 
18 14 
18 5 
18 16 
18 24 
18 8 
18 4 
18 23 
18 12 
18 19 
18 45 
18 21 
18 5 
18 24 
18 13 
18 11 
18 27 
18 35 
18 6 
18 8 
18 26 
18 4 
18 13 
18 20 
18 6 
18 45 
18 8 
18 16 
18 22 
18 26 
18 13 
18 23 
18 40 
18 55 
18 35 
18 56 
18 6 
18 19 
18 13 
18 4 
18 2 
18 14 
18 22 
18 55 
18 23 
18 9 
18 56 
18 2 
18 21 
22 43 
22 11 
22 23 
22 35 
22 45 
22 17 
22 40 
22 19 
22 25 
22 16 
22 7 
22 18 
22 10 
22 61 
22 27 
22 12 
22 15 
22 14 
22 47 
22 5 
22 9 
22 21 
22 19 
22 7 
22 13 
22 23 
22 25 
22 11 
22 3 
22 1 
22 6 
22 9 
22 8 
22 12 
22 4 
22 20 
22 21 
22 2 
22 25 
22 56 
22 7 
22 19 
22 27 
22 12 
22 14 
22 23 
22 4 
22 16 
22 17 
22 6 
22 8 
22 2 
22 11 
22 3 
22 7 
22 1 
22 21 
22 25 
22 2 
22 13 
22 20 
22 43 
22 23 
22 5 
22 24 
22 11 
22 14 
22 47 
22 10 
22 17 
22 4 
22 27 
22 9 
22 1 
22 15 
22 20 
22 5 
22 25 
22 21 
22 13 
22 26 
22 14 
22 19 
22 8 
22 7 
22 6 
22 24 
22 11 
22 45 
22 1 
22 18 
22 12 
22 14 
22 26 
22 16 
22 17 
22 4 
22 56 
22 9 
22 6 
22 11 
22 18 
22 13 
22 8 
22 2 
22 26 
22 14 
22 23 
22 5 
22 21 
22 45 
22 6 
22 16 
22 4 
22 24 
22 40 
22 8 
22 27 
22 23 
22 26 
22 11 
22 12 
22 21 
22 16 
22 6 
22 8 
22 2 
22 9 
22 56 
22 26 
22 19 
22 4 
22 18 
22 14 
22 45 
22 35 
22 23 
22 27 
22 21 
22 8 
22 40 
22 16 
22 20 
22 13 
22 18 
22 9 
22 35 
22 14 
22 19 
22 23 
22 4 
22 40 
22 6 
22 8 
22 55 
22 7 
22 13 
22 18 
22 40 
22 19 
22 35 
22 23 
22 56 
22 4 
22 2 
22 40 
22 7 
22 16 
22 55 
22 23 
22 7 
22 35 
22 2 
22 13 
22 23 
22 56 
22 40 
22 16 
22 7 
22 35 
22 14 
22 19 
22 2 
22 40 
22 13 
22 35 
22 55 
22 16 
22 56 
22 2 
22 13 
22 9 
22 2 
22 30 
22 30 
22 37 
22 30 
22 30 
22 30 
22 30 
22 30 
22 30 
12 1 
12 56 
12 15 
12 9 
12 21 
12 13 
12 3 
12 25 
12 8 
12 14 
12 61 
12 27 
12 10 
12 47 
12 20 
12 5 
12 19 
12 2 
12 9 
12 1 
12 13 
12 3 
12 21 
12 14 
12 27 
12 47 
12 15 
12 10 
12 8 
12 19 
12 20 
12 2 
12 56 
12 5 
12 11 
12 25 
12 15 
12 14 
12 27 
12 16 
12 3 
12 23 
12 1 
12 20 
12 7 
12 5 
12 15 
12 47 
12 21 
12 22 
12 10 
12 19 
12 14 
12 17 
12 15 
12 9 
12 24 
12 8 
12 47 
12 21 
12 2 
12 11 
12 16 
12 4 
12 19 
12 17 
12 9 
12 24 
12 27 
12 5 
12 1 
12 22 
12 11 
12 14 
12 56 
12 23 
12 21 
12 20 
12 18 
12 13 
12 22 
12 9 
12 14 
12 26 
12 45 
12 6 
12 5 
12 18 
12 25 
12 7 
12 19 
12 11 
12 8 
12 9 
12 13 
12 2 
12 21 
12 24 
12 35 
12 56 
12 23 
12 4 
12 16 
12 26 
12 45 
12 19 
12 4 
12 27 
12 7 
12 21 
12 14 
12 9 
12 2 
12 13 
12 40 
12 35 
12 23 
12 19 
12 20 
12 16 
12 76 
12 26 
12 24 
12 25 
12 5 
12 27 
12 42 
12 42 
12 42 
12 14 
12 112 
12 77 
12 77 
12 113 
12 113 
12 113 
12 49 
12 49 
12 113 
12 113 
12 113 
12 113 
12 113 
12 113 
12 113 
12 113 
12 113 
12 113 
12 113 
12 113 
12 113 
12 113 
12 113 
32 120 
32 121 
32 122 
32 122 
32 122 
32 122 
25 2 
25 23 
25 14 
25 1 
25 61 
25 22 
25 16 
25 12 
25 9 
25 3 
25 11 
25 21 
25 8 
25 19 
25 27 
25 56 
25 2 
25 23 
25 15 
25 14 
25 12 
25 35 
25 13 
25 47 
25 7 
25 20 
25 3 
25 10 
25 16 
25 27 
25 22 
25 14 
25 15 
25 23 
25 11 
25 19 
25 56 
25 9 
25 13 
25 24 
25 21 
25 7 
25 18 
25 23 
25 20 
25 3 
25 45 
25 14 
25 13 
25 10 
25 5 
25 8 
25 1 
25 19 
25 17 
25 23 
25 2 
25 43 
25 7 
25 6 
25 13 
25 9 
25 11 
25 22 
25 14 
25 4 
25 17 
25 27 
25 24 
25 45 
25 26 
25 20 
25 21 
25 7 
25 27 
25 24 
25 13 
25 4 
25 8 
25 2 
25 19 
25 6 
25 23 
25 7 
25 56 
25 55 
25 48 
25 16 
25 22 
25 21 
25 45 
25 35 
25 24 
25 23 
25 6 
25 2 
25 9 
25 1 
25 22 
25 8 
25 5 
25 11 
25 24 
25 76 
25 24 
25 26 
25 12 
25 29 
25 26 
25 26 
25 26 
25 26 
25 26 
25 26 
25 26 
25 131 
25 131 
25 61 
25 131 
25 61 
25 131 
25 61 
25 61 
25 61 
25 61 
25 61 
25 61 
25 61 
25 61 
27 15 
27 12 
27 47 
27 21 
27 3 
27 23 
27 22 
27 11 
27 24 
27 7 
27 56 
27 1 
27 16 
27 8 
27 25 
27 15 
27 5 
27 11 
27 14 
27 23 
27 22 
27 12 
27 20 
27 47 
27 9 
27 19 
27 1 
27 17 
27 6 
27 8 
27 7 
27 56 
27 4 
27 3 
27 10 
27 24 
27 20 
27 47 
27 11 
27 14 
27 2 
27 22 
27 21 
27 5 
27 25 
27 1 
27 8 
27 16 
27 10 
27 56 
27 4 
27 24 
27 20 
27 17 
27 15 
27 22 
27 19 
27 5 
27 47 
27 25 
27 2 
27 21 
27 8 
27 20 
27 6 
27 7 
27 26 
27 13 
27 9 
27 4 
27 56 
27 61 
27 25 
27 20 
27 18 
27 45 
27 5 
27 17 
27 6 
27 1 
27 2 
27 23 
27 12 
27 14 
27 21 
27 26 
27 9 
27 8 
27 4 
27 13 
27 18 
27 24 
27 20 
27 56 
27 16 
27 6 
27 1 
27 25 
27 21 
27 45 
27 22 
27 14 
27 26 
27 19 
27 23 
27 5 
27 24 
27 9 
27 13 
27 8 
27 16 
27 6 
27 7 
27 35 
27 20 
27 45 
27 23 
27 56 
27 9 
27 22 
27 26 
27 19 
27 61 
27 35 
27 23 
27 21 
27 14 
27 12 
27 45 
27 25 
27 76 
27 24 
27 5 
27 8 
27 56 
27 2 
27 14 
27 22 
27 55 
27 8 
27 12 
27 29 
27 56 
27 1 
27 8 
27 5 
27 23 
27 23 
27 23 
27 23 
27 23 
27 23 
27 23 
27 23 
27 23 
27 23 
27 23 
24 15 
24 9 
24 47 
24 14 
24 5 
24 11 
24 27 
24 3 
24 56 
24 8 
24 1 
24 23 
24 22 
24 5 
24 10 
24 47 
24 19 
24 2 
24 25 
24 20 
24 8 
24 21 
24 15 
24 3 
24 4 
24 5 
24 22 
24 61 
24 11 
24 23 
24 47 
24 25 
24 6 
24 2 
24 15 
24 27 
24 22 
24 7 
24 21 
24 56 
24 4 
24 23 
24 25 
24 19 
24 8 
24 10 
24 14 
24 15 
24 9 
24 6 
24 11 
24 19 
24 21 
24 27 
24 22 
24 45 
24 5 
24 25 
24 13 
24 20 
24 9 
24 1 
24 14 
24 17 
24 4 
24 18 
24 9 
24 8 
24 23 
24 22 
24 6 
24 7 
24 12 
24 21 
24 4 
24 45 
24 25 
24 56 
24 19 
24 9 
24 20 
24 7 
24 23 
24 6 
24 13 
24 4 
24 8 
24 18 
24 14 
24 21 
24 56 
24 9 
24 5 
24 48 
24 11 
24 25 
24 26 
24 160 
24 161 
24 76 
24 162 
24 162 
24 76 
24 127 
24 162 
24 76 
24 76 
24 163 
24 76 
24 76 
24 76 
24 33 
24 39 
13 9 
13 1 
13 5 
13 12 
13 25 
13 21 
13 8 
13 27 
13 15 
13 22 
13 2 
13 23 
13 11 
13 56 
13 19 
13 7 
13 16 
13 14 
13 4 
13 9 
13 8 
13 3 
13 6 
13 21 
13 10 
13 17 
13 23 
13 25 
13 15 
13 56 
13 9 
13 8 
13 20 
13 3 
13 4 
13 14 
13 47 
13 27 
13 22 
13 17 
13 5 
13 19 
13 11 
13 2 
13 45 
13 15 
13 56 
13 61 
13 12 
13 8 
13 23 
13 24 
13 9 
13 3 
13 17 
13 21 
13 11 
13 19 
13 15 
13 43 
13 5 
13 6 
13 25 
13 27 
13 2 
13 23 
13 22 
13 12 
13 7 
13 17 
13 61 
13 8 
13 56 
13 20 
13 6 
13 4 
13 27 
13 9 
13 19 
13 23 
13 14 
13 11 
13 26 
13 21 
13 22 
13 5 
13 17 
13 6 
13 7 
13 24 
13 4 
13 56 
13 20 
13 8 
13 2 
13 21 
13 27 
13 9 
13 26 
13 45 
13 16 
13 24 
13 25 
13 14 
13 56 
13 4 
13 22 
13 11 
13 27 
13 8 
13 20 
13 19 
13 2 
13 16 
13 23 
13 5 
13 21 
13 14 
13 6 
13 40 
13 8 
13 7 
13 56 
13 4 
13 9 
13 19 
13 26 
13 40 
13 20 
13 23 
13 14 
13 35 
13 56 
13 18 
13 9 
13 4 
13 45 
13 21 
13 27 
13 23 
13 55 
13 6 
13 16 
13 56 
13 7 
13 40 
13 20 
13 26 
13 19 
13 21 
13 4 
13 2 
13 14 
13 23 
13 22 
13 55 
13 7 
13 35 
13 40 
13 16 
13 40 
13 4 
13 23 
13 56 
13 16 
13 22 
13 2 
13 19 
13 55 
13 14 
13 2 
13 40 
13 19 
13 56 
13 14 
13 7 
13 23 
13 9 
13 16 
13 40 
13 22 
13 19 
13 23 
13 56 
13 7 
13 2 
13 40 
13 23 
13 55 
13 16 
13 56 
13 2 
13 22 
13 2 
13 9 
13 9 
13 168 
13 112 
13 168 
13 168 
13 9 
13 9 
13 169 
13 9 
13 9 
13 9 
13 9 
13 9 
13 9 
13 9 
13 9 
13 9 
13 9 
13 170 
13 170 
13 170 
13 170 
13 170 
13 170 
13 170 
13 170 
16 61 
16 22 
16 21 
16 23 
16 20 
16 13 
16 11 
16 19 
16 25 
16 22 
16 9 
16 14 
16 8 
16 3 
16 10 
16 61 
16 25 
16 20 
16 2 
16 11 
16 5 
16 47 
16 15 
16 19 
16 27 
16 22 
16 1 
16 18 
16 10 
16 2 
16 19 
16 12 
16 27 
16 15 
16 47 
16 4 
16 24 
16 17 
16 7 
16 8 
16 9 
16 12 
16 19 
16 4 
16 14 
16 2 
16 6 
16 27 
16 1 
16 23 
16 11 
16 8 
16 9 
16 7 
16 27 
16 26 
16 14 
16 5 
16 23 
16 8 
16 22 
16 11 
16 45 
16 27 
16 26 
16 24 
16 12 
16 21 
16 14 
16 40 
16 18 
16 4 
16 2 
16 26 
16 20 
16 56 
16 9 
16 13 
16 8 
16 24 
16 5 
16 23 
16 14 
16 21 
16 22 
16 18 
16 40 
16 12 
16 26 
16 19 
16 9 
16 27 
16 22 
16 14 
16 45 
16 56 
16 20 
16 35 
16 123 
16 19 
16 18 
16 21 
16 22 
16 14 
16 12 
16 4 
16 13 
16 9 
16 2 
16 19 
16 26 
16 35 
16 23 
16 56 
16 55 
16 7 
16 4 
16 61 
16 22 
16 35 
16 6 
16 55 
16 23 
16 19 
16 14 
16 56 
16 9 
16 61 
16 22 
16 13 
16 55 
16 4 
16 2 
16 19 
16 14 
16 40 
16 9 
16 23 
16 22 
16 35 
16 4 
16 7 
16 14 
16 9 
16 56 
16 35 
16 22 
16 55 
16 13 
16 56 
16 19 
16 35 
16 14 
16 40 
16 13 
16 2 
16 7 
16 22 
16 9 
16 55 
16 55 
16 55 
16 40 
16 40 
16 40 
16 40 
16 40 
16 55 
16 40 
16 178 
16 55 
16 40 
16 40 
16 40 
16 55 
16 40 
16 40 
16 55 
16 40 
16 40 
16 55 
16 55 
16 179 
16 55 
16 55 
16 55 
16 55 
16 55 
16 55 
16 180 
16 181 
16 55 
76 45 
76 25 
76 24 
76 26 
76 24 
76 24 
76 161 
76 24 
76 162 
76 24 
76 127 
76 24 
76 162 
76 24 
76 24 
76 24 
39 21 
39 24 
47 15 
47 14 
47 5 
47 1 
47 16 
47 3 
47 25 
47 24 
47 13 
47 19 
47 10 
47 21 
47 9 
47 8 
47 7 
47 5 
47 22 
47 11 
47 4 
47 13 
47 56 
47 19 
47 3 
47 15 
47 61 
47 27 
47 23 
47 4 
47 17 
47 21 
47 24 
47 25 
47 8 
47 2 
47 10 
47 9 
47 5 
47 16 
47 3 
47 45 
47 14 
47 18 
47 11 
47 23 
47 27 
47 22 
47 17 
47 15 
47 25 
47 7 
47 43 
47 8 
47 9 
47 20 
47 21 
47 19 
47 4 
47 6 
47 13 
47 56 
47 27 
47 11 
47 10 
47 26 
47 203 
47 15 
31 206 
31 26 
31 20 
31 23 
31 23 
31 23 
31 23 
45 22 
45 2 
45 7 
45 40 
45 9 
45 3 
45 2 
45 27 
45 47 
45 23 
45 4 
45 19 
45 10 
45 11 
45 25 
45 21 
45 22 
45 12 
45 20 
45 24 
45 2 
45 15 
45 47 
45 27 
45 17 
45 43 
45 21 
45 23 
45 10 
45 9 
45 8 
45 12 
45 24 
45 20 
45 2 
45 6 
45 5 
45 11 
45 14 
45 7 
45 4 
45 56 
45 23 
45 25 
45 13 
45 22 
45 17 
45 21 
45 19 
45 26 
45 20 
45 2 
45 6 
45 13 
45 9 
45 21 
45 11 
45 5 
45 24 
45 20 
45 18 
45 22 
45 16 
45 6 
45 40 
45 7 
45 4 
45 27 
45 26 
45 21 
45 14 
45 13 
45 8 
45 9 
45 40 
45 56 
45 27 
45 12 
45 14 
45 22 
45 4 
45 26 
45 21 
45 35 
45 2 
45 23 
45 9 
45 20 
45 16 
45 56 
45 4 
45 18 
45 7 
45 23 
45 27 
45 14 
45 21 
45 6 
45 13 
45 26 
45 35 
45 55 
45 9 
20 23 
20 35 
20 9 
20 2 
20 12 
20 61 
20 19 
20 10 
20 16 
20 22 
20 15 
20 27 
20 5 
20 21 
20 56 
20 19 
20 1 
20 25 
20 16 
20 27 
20 47 
20 23 
20 2 
20 13 
20 7 
20 5 
20 15 
20 56 
20 6 
20 19 
20 23 
20 25 
20 8 
20 3 
20 17 
20 11 
20 24 
20 4 
20 22 
20 23 
20 15 
20 10 
20 21 
20 45 
20 47 
20 9 
20 43 
20 56 
20 25 
20 6 
20 17 
20 11 
20 7 
20 4 
20 45 
20 10 
20 22 
20 23 
20 12 
20 1 
20 14 
20 27 
20 17 
20 25 
20 2 
20 21 
20 56 
20 7 
20 13 
20 24 
20 26 
20 22 
20 11 
20 9 
20 8 
20 13 
20 24 
20 5 
20 27 
20 16 
20 14 
20 23 
20 26 
20 9 
20 22 
20 56 
20 21 
20 13 
20 18 
20 6 
20 27 
20 4 
20 16 
20 8 
20 45 
20 9 
20 19 
20 18 
20 40 
20 55 
20 14 
20 22 
20 26 
20 21 
20 23 
20 21 
61 25 
61 43 
61 17 
61 19 
61 8 
61 15 
61 13 
61 23 
61 11 
61 12 
61 5 
61 27 
61 22 
61 16 
61 14 
61 20 
61 25 
61 8 
61 56 
61 4 
61 19 
61 21 
61 10 
61 17 
61 22 
61 24 
61 47 
61 25 
61 15 
61 2 
61 20 
61 9 
61 22 
61 23 
61 27 
61 21 
61 24 
61 19 
61 7 
61 13 
61 3 
61 25 
61 24 
61 9 
61 8 
61 56 
61 45 
61 6 
61 11 
61 19 
61 8 
61 2 
61 17 
61 7 
61 25 
61 56 
61 23 
61 21 
61 13 
61 9 
61 11 
61 19 
61 5 
61 27 
61 7 
61 26 
61 4 
61 12 
61 23 
61 2 
61 27 
61 19 
61 14 
61 23 
61 2 
61 55 
61 12 
61 56 
61 21 
61 26 
61 4 
61 9 
61 35 
61 23 
61 19 
61 2 
61 22 
61 40 
61 56 
61 16 
61 7 
61 23 
61 55 
61 19 
61 2 
61 56 
61 22 
61 9 
61 40 
61 13 
61 14 
61 4 
61 209 
61 131 
61 25 
61 131 
61 25 
61 25 
61 25 
61 25 
61 25 
61 25 
61 25 
11 19 
11 45 
11 40 
11 16 
11 13 
11 61 
11 22 
11 8 
11 14 
11 12 
11 23 
11 15 
11 21 
11 5 
11 25 
11 3 
11 16 
11 13 
11 10 
11 61 
11 17 
11 8 
11 7 
11 9 
11 1 
11 22 
11 3 
11 8 
11 24 
11 23 
11 21 
11 45 
11 20 
11 15 
11 10 
11 5 
11 2 
11 27 
11 47 
11 6 
11 20 
11 25 
11 56 
11 43 
11 7 
11 3 
11 14 
11 19 
11 4 
11 22 
11 18 
11 5 
11 2 
11 10 
11 17 
11 20 
11 1 
11 16 
11 6 
11 9 
11 13 
11 24 
11 4 
11 26 
11 23 
11 19 
11 1 
11 22 
11 12 
11 17 
11 18 
11 9 
11 13 
11 8 
11 14 
11 25 
11 23 
11 26 
11 6 
11 5 
11 7 
11 27 
11 19 
11 21 
11 2 
11 61 
11 22 
11 8 
11 13 
11 4 
11 16 
11 14 
11 25 
11 5 
11 20 
11 7 
11 6 
11 23 
11 56 
11 19 
11 27 
11 12 
11 26 
11 16 
11 13 
11 9 
11 61 
11 21 
11 48 
11 25 
11 55 
11 48 
10 23 
10 7 
10 8 
10 43 
10 16 
10 25 
10 22 
10 17 
10 45 
10 48 
10 14 
10 9 
10 13 
10 15 
10 22 
10 12 
10 20 
10 5 
10 56 
10 18 
10 23 
10 2 
10 6 
10 7 
10 25 
10 3 
10 11 
10 8 
10 47 
10 4 
10 15 
10 27 
10 35 
10 13 
10 7 
10 21 
10 15 
10 12 
10 16 
10 47 
10 3 
10 8 
10 1 
10 19 
10 18 
10 13 
10 17 
10 5 
10 24 
10 20 
10 47 
10 56 
10 45 
10 9 
10 22 
10 7 
10 3 
10 27 
10 19 
10 2 
10 21 
10 23 
10 17 
10 5 
10 25 
10 18 
10 24 
10 8 
10 48 
10 43 
10 21 
10 43 
10 43 
10 37 
10 43 
10 43 
10 43 
10 43 
10 21 
26 24 
26 9 
26 4 
26 7 
26 56 
26 6 
26 5 
26 27 
26 2 
26 17 
26 22 
26 12 
26 45 
26 11 
26 27 
26 6 
26 23 
26 19 
26 14 
26 25 
26 2 
26 61 
26 24 
26 8 
26 5 
26 20 
26 16 
26 22 
26 7 
26 18 
26 13 
26 40 
26 24 
26 4 
26 14 
26 18 
26 8 
26 25 
26 55 
26 9 
26 56 
26 6 
26 16 
26 20 
26 22 
26 23 
26 45 
26 2 
26 35 
26 27 
26 12 
26 18 
26 123 
26 19 
26 55 
26 9 
26 4 
26 13 
26 16 
26 40 
26 61 
26 20 
26 6 
26 21 
26 8 
26 5 
26 25 
26 24 
26 25 
26 25 
26 25 
26 25 
26 25 
26 25 
26 15 
26 42 
26 14 
14 13 
14 1 
14 3 
14 24 
14 9 
14 5 
14 8 
14 10 
14 61 
14 21 
14 23 
14 16 
14 35 
14 27 
14 25 
14 11 
14 17 
14 15 
14 56 
14 3 
14 27 
14 22 
14 1 
14 15 
14 12 
14 11 
14 56 
14 13 
14 23 
14 19 
14 18 
14 27 
14 5 
14 8 
14 56 
14 11 
14 6 
14 4 
14 45 
14 47 
14 16 
14 9 
14 15 
14 10 
14 22 
14 25 
14 18 
14 23 
14 27 
14 2 
14 21 
14 11 
14 19 
14 20 
14 5 
14 8 
14 9 
14 25 
14 11 
14 18 
14 13 
14 56 
14 7 
14 17 
14 21 
14 16 
14 27 
14 6 
14 26 
14 24 
14 9 
14 7 
14 56 
14 8 
14 4 
14 12 
14 45 
14 22 
14 27 
14 23 
14 21 
14 61 
14 26 
14 56 
14 24 
14 11 
14 6 
14 7 
14 5 
14 19 
14 8 
14 13 
14 9 
14 25 
14 40 
14 2 
14 56 
14 20 
14 12 
14 22 
14 61 
14 4 
14 21 
14 27 
14 9 
14 8 
14 23 
14 35 
14 12 
14 22 
14 21 
14 16 
14 45 
14 7 
14 26 
14 4 
14 21 
14 2 
14 6 
14 9 
14 13 
14 7 
14 56 
14 40 
14 16 
14 4 
14 55 
14 2 
14 35 
14 9 
14 61 
14 19 
14 40 
14 6 
14 13 
14 23 
14 18 
14 4 
14 16 
14 55 
14 7 
14 22 
14 35 
14 9 
14 13 
14 2 
14 4 
14 22 
14 35 
14 23 
14 16 
14 55 
14 9 
14 7 
14 40 
14 56 
14 13 
14 35 
14 2 
14 16 
14 22 
14 9 
14 19 
14 8 
14 5 
14 7 
14 17 
14 7 
14 35 
14 112 
14 21 
14 40 
14 56 
14 21 
14 112 
14 7 
14 40 
14 40 
14 12 
14 112 
14 21 
14 7 
14 21 
14 7 
14 21 
14 21 
14 21 
14 21 
14 7 
14 21 
14 21 
14 7 
14 7 
14 214 
14 21 
14 214 
14 7 
14 21 
14 7 
14 215 
14 215 
14 7 
14 118 
14 162 
14 216 
14 162 
14 163 
14 21 
14 7 
14 21 
14 7 
14 21 
14 56 
14 21 
14 21 
14 21 
14 56 
14 56 
14 21 
14 56 
14 56 
14 7 
14 21 
14 26 
48 22 
48 40 
48 10 
48 40 
48 25 
48 5 
48 8 
48 5 
48 8 
48 25 
48 5 
48 4 
48 19 
48 14 
48 27 
48 23 
48 76 
48 76 
48 76 
48 76 
48 76 
48 76 
48 76 
48 76 
48 76 
48 76 
48 76 
48 76 
48 76 
48 76 
48 76 
48 76 
48 76 
15 13 
15 9 
15 25 
15 1 
15 8 
15 47 
15 11 
15 5 
15 24 
15 21 
15 23 
15 1 
15 14 
15 3 
15 8 
15 2 
15 27 
15 10 
15 7 
15 22 
15 56 
15 11 
15 1 
15 5 
15 16 
15 24 
15 3 
15 61 
15 19 
15 20 
15 25 
15 4 
15 47 
15 22 
15 2 
15 7 
15 3 
15 13 
15 8 
15 9 
15 6 
15 19 
15 23 
15 17 
15 12 
15 10 
15 11 
15 22 
15 43 
15 3 
15 7 
15 24 
15 56 
15 21 
15 25 
15 19 
15 17 
15 27 
15 6 
15 8 
15 203 
15 47 
15 3 
15 3 
15 3 
15 25 
15 26 
15 233 
15 138 
15 233 
15 138 
15 233 
15 138 
15 187 
15 234 
15 1 
15 1 
15 1 
15 1 
15 1 
19 27 
19 2 
19 11 
19 23 
19 5 
19 56 
19 14 
19 15 
19 22 
19 10 
19 12 
19 9 
19 56 
19 25 
19 15 
19 16 
19 21 
19 24 
19 2 
19 23 
19 3 
19 12 
19 1 
19 27 
19 11 
19 20 
19 8 
19 5 
19 10 
19 47 
19 15 
19 4 
19 21 
19 24 
19 17 
19 11 
19 6 
19 56 
19 8 
19 2 
19 5 
19 22 
19 45 
19 9 
19 20 
19 24 
19 23 
19 43 
19 6 
19 25 
19 21 
19 27 
19 2 
19 8 
19 11 
19 4 
19 45 
19 5 
19 23 
19 26 
19 56 
19 7 
19 20 
19 9 
19 6 
19 14 
19 22 
19 16 
19 17 
19 13 
19 61 
19 4 
19 24 
19 27 
19 8 
19 1 
19 5 
19 11 
19 18 
19 2 
19 20 
19 21 
19 12 
19 9 
19 14 
19 4 
19 13 
19 25 
19 26 
19 11 
19 5 
19 8 
19 27 
19 35 
19 7 
19 20 
19 6 
19 9 
19 4 
19 23 
19 16 
19 14 
19 22 
19 12 
19 56 
19 27 
19 25 
19 35 
19 7 
19 6 
19 26 
19 61 
19 4 
19 2 
19 18 
19 22 
19 14 
19 16 
19 23 
19 9 
19 12 
19 21 
19 13 
19 27 
19 20 
19 35 
19 56 
19 8 
19 18 
19 13 
19 20 
19 4 
19 26 
19 22 
19 16 
19 21 
19 14 
19 40 
19 2 
19 7 
19 56 
19 55 
19 9 
19 13 
19 6 
19 18 
19 2 
19 22 
19 14 
19 4 
19 16 
19 35 
19 56 
19 7 
19 27 
19 23 
19 13 
19 35 
19 18 
19 40 
19 56 
19 55 
19 2 
19 22 
19 16 
19 13 
19 9 
19 4 
19 23 
19 35 
19 14 
19 2 
19 55 
19 7 
19 35 
19 56 
19 13 
19 40 
19 16 
19 22 
19 9 
19 55 
19 2 
19 48 
19 5 
19 14 
6 8 
6 20 
6 19 
6 11 
6 12 
6 16 
6 25 
6 24 
6 9 
6 5 
6 35 
6 23 
6 1 
6 22 
6 15 
6 47 
6 2 
6 10 
6 3 
6 7 
6 8 
6 5 
6 25 
6 21 
6 19 
6 9 
6 18 
6 11 
6 45 
6 4 
6 61 
6 24 
6 5 
6 17 
6 27 
6 10 
6 22 
6 12 
6 4 
6 2 
6 47 
6 45 
6 23 
6 8 
6 19 
6 18 
6 13 
6 16 
6 10 
6 21 
6 56 
6 15 
6 5 
6 14 
6 43 
6 22 
6 47 
6 17 
6 20 
6 1 
6 24 
6 27 
6 19 
6 11 
6 7 
6 25 
6 8 
6 5 
6 21 
6 20 
6 24 
6 1 
6 45 
6 12 
6 22 
6 26 
6 27 
6 14 
6 4 
6 24 
6 19 
6 45 
6 20 
6 11 
6 22 
6 12 
6 16 
6 5 
6 13 
6 18 
6 24 
6 8 
6 26 
6 27 
6 56 
6 21 
6 14 
6 19 
6 7 
6 12 
6 20 
6 45 
6 2 
6 23 
6 16 
6 18 
6 7 
6 9 
6 19 
6 20 
6 2 
6 40 
6 13 
6 21 
6 16 
6 35 
6 22 
6 9 
6 2 
6 4 
6 18 
6 19 
6 56 
6 14 
6 55 
6 23 
6 9 
6 236 
6 236 
6 236 
6 236 
6 80 
6 80 
6 236 
35 19 
35 11 
35 22 
35 23 
35 20 
35 10 
35 40 
35 22 
35 12 
35 55 
35 40 
35 55 
35 55 
35 11 
35 45 
35 23 
35 61 
35 56 
35 16 
35 19 
35 14 
35 26 
35 2 
35 23 
35 7 
35 9 
35 20 
35 4 
35 16 
35 61 
35 14 
35 21 
35 56 
35 12 
35 27 
35 45 
35 22 
35 13 
35 4 
35 19 
35 26 
35 2 
35 16 
35 9 
35 7 
35 40 
35 56 
35 14 
35 19 
35 6 
35 23 
35 2 
35 61 
35 7 
35 18 
35 16 
35 56 
35 13 
35 22 
35 14 
35 2 
35 55 
35 7 
35 40 
35 61 
35 22 
35 19 
35 14 
35 40 
35 16 
35 9 
35 56 
35 7 
35 55 
35 19 
35 9 
35 13 
35 16 
35 23 
35 14 
35 16 
35 55 
35 22 
35 7 
35 13 
35 2 
35 56 
35 40 
35 9 
35 16 
35 112 
35 7 
35 4 
35 4 
35 4 
35 4 
35 4 
35 4 
35 4 
35 4 
35 4 
35 4 
40 22 
40 23 
40 10 
40 35 
40 17 
40 43 
40 48 
40 55 
40 35 
40 46 
40 48 
40 20 
40 24 
40 19 
40 26 
40 27 
40 21 
40 12 
40 45 
40 8 
40 56 
40 16 
40 9 
40 19 
40 23 
40 13 
40 22 
40 14 
40 20 
40 35 
40 45 
40 27 
40 56 
40 22 
40 23 
40 35 
40 20 
40 2 
40 21 
40 4 
40 16 
40 26 
40 55 
40 23 
40 7 
40 18 
40 13 
40 9 
40 6 
40 4 
40 16 
40 20 
40 23 
40 35 
40 22 
40 18 
40 27 
40 6 
40 16 
40 13 
40 19 
40 55 
40 2 
40 23 
40 61 
40 7 
40 22 
40 19 
40 14 
40 56 
40 13 
40 4 
40 23 
40 35 
40 56 
40 16 
40 7 
40 9 
40 22 
40 7 
40 13 
40 56 
40 9 
40 2 
40 55 
40 22 
40 14 
40 19 
40 23 
40 16 
40 7 
40 56 
40 9 
40 35 
40 16 
40 55 
40 16 
40 55 
40 16 
40 55 
40 35 
40 112 
40 21 
40 14 
40 21 
40 14 
40 7 
40 112 
40 16 
40 16 
40 55 
40 55 
40 16 
40 16 
40 16 
40 55 
40 16 
40 16 
40 55 
40 16 
40 55 
3 47 
3 1 
3 9 
3 14 
3 5 
3 21 
3 2 
3 12 
3 22 
3 16 
3 24 
3 25 
3 47 
3 8 
3 9 
3 23 
3 56 
3 11 
3 13 
3 22 
3 5 
3 20 
3 7 
3 14 
3 27 
3 25 
3 11 
3 15 
3 17 
3 47 
3 22 
3 21 
3 23 
3 19 
3 2 
3 6 
3 45 
3 18 
3 47 
3 25 
3 9 
3 24 
3 8 
3 7 
3 43 
3 56 
3 20 
3 13 
3 27 
3 15 
3 15 
3 15 
3 1 
3 1 
3 1 
3 1 
3 15 
3 15 
3 1 
4 6 
4 1 
4 21 
4 20 
4 11 
4 9 
4 47 
4 10 
4 13 
4 22 
4 19 
4 2 
4 25 
4 21 
4 5 
4 8 
4 24 
4 9 
4 12 
4 47 
4 56 
4 6 
4 20 
4 5 
4 22 
4 2 
4 7 
4 11 
4 43 
4 10 
4 15 
4 3 
4 23 
4 61 
4 47 
4 8 
4 5 
4 26 
4 9 
4 17 
4 21 
4 22 
4 13 
4 5 
4 25 
4 2 
4 19 
4 45 
4 7 
4 26 
4 56 
4 21 
4 11 
4 8 
4 20 
4 18 
4 24 
4 6 
4 27 
4 12 
4 7 
4 13 
4 22 
4 14 
4 9 
4 11 
4 26 
4 45 
4 27 
4 5 
4 24 
4 18 
4 7 
4 19 
4 8 
4 20 
4 13 
4 23 
4 16 
4 56 
4 2 
4 27 
4 9 
4 12 
4 26 
4 35 
4 40 
4 13 
4 23 
4 19 
4 14 
4 21 
4 20 
4 7 
4 18 
4 13 
4 45 
4 22 
4 12 
4 35 
4 61 
4 9 
4 56 
4 19 
4 13 
4 16 
4 40 
4 6 
4 14 
4 2 
4 7 
4 23 
4 19 
4 27 
4 56 
4 9 
4 40 
4 18 
4 14 
4 22 
4 56 
4 9 
4 40 
4 16 
4 35 
4 13 
4 56 
4 7 
4 23 
4 40 
4 9 
4 14 
4 16 
4 56 
4 55 
4 2 
4 19 
4 22 
4 21 
4 35 
4 35 
4 35 
4 35 
4 35 
4 35 
4 35 
4 35 
4 35 
4 35 
4 35 
4 35 
4 35 
4 35 
77 237 
77 12 
77 58 
77 58 
77 58 
77 58 
77 58 
55 18 
55 56 
55 12 
55 3 
55 8 
55 27 
55 11 
55 22 
55 40 
55 9 
55 14 
55 5 
55 43 
55 7 
55 4 
55 46 
55 46 
55 10 
55 40 
55 35 
55 35 
55 11 
55 5 
55 48 
55 6 
55 35 
55 8 
55 9 
55 40 
55 18 
55 21 
55 2 
55 56 
55 19 
55 20 
55 45 
55 35 
55 7 
55 40 
55 9 
55 23 
55 56 
55 19 
55 20 
55 26 
55 2 
55 16 
55 4 
55 22 
55 13 
55 7 
55 19 
55 14 
55 61 
55 18 
55 23 
55 4 
55 18 
55 61 
55 14 
55 9 
55 16 
55 56 
55 40 
55 22 
55 35 
55 7 
55 13 
55 19 
55 2 
55 56 
55 4 
55 16 
55 40 
55 7 
55 13 
55 19 
55 9 
55 14 
55 23 
55 40 
55 35 
55 7 
55 13 
55 22 
55 56 
55 16 
55 2 
55 9 
55 16 
55 40 
55 16 
55 40 
55 40 
55 16 
55 40 
55 40 
55 178 
55 40 
55 40 
55 16 
55 16 
55 16 
55 40 
55 16 
55 16 
55 242 
55 243 
55 179 
55 16 
55 16 
55 16 
55 16 
55 181 
55 180 
55 16 
43 8 
43 23 
43 22 
43 16 
43 61 
43 25 
43 17 
43 10 
43 19 
43 7 
43 40 
43 35 
43 45 
43 22 
43 8 
43 5 
43 11 
43 9 
43 19 
43 21 
43 17 
43 45 
43 4 
43 16 
43 47 
43 3 
43 27 
43 25 
43 15 
43 10 
43 21 
43 21 
43 10 
43 21 
43 21 
43 10 
43 10 
43 10 
43 10 
43 37 
43 37 
43 10 
43 10 
43 37 
43 10 
43 10 
43 10 
43 10 
43 10 
43 10 
43 10 
43 10 
43 10 
43 21 
5 2 
5 21 
5 24 
5 25 
5 11 
5 16 
5 47 
5 13 
5 61 
5 15 
5 23 
5 27 
5 22 
5 12 
5 9 
5 13 
5 14 
5 10 
5 16 
5 8 
5 11 
5 2 
5 23 
5 21 
5 3 
5 25 
5 7 
5 18 
5 20 
5 56 
5 22 
5 14 
5 12 
5 15 
5 9 
5 21 
5 8 
5 6 
5 27 
5 56 
5 2 
5 3 
5 19 
5 23 
5 7 
5 11 
5 1 
5 25 
5 8 
5 20 
5 4 
5 15 
5 9 
5 47 
5 23 
5 6 
5 56 
5 21 
5 19 
5 3 
5 18 
5 10 
5 27 
5 25 
5 20 
5 7 
5 56 
5 4 
5 1 
5 24 
5 27 
5 2 
5 11 
5 19 
5 21 
5 18 
5 25 
5 7 
5 24 
5 8 
5 6 
5 20 
5 27 
5 11 
5 19 
5 23 
5 56 
5 16 
5 13 
5 21 
5 14 
5 45 
5 4 
5 26 
5 9 
5 12 
5 22 
5 1 
5 25 
5 26 
5 123 
5 48 
5 1 
5 1 
5 48 
5 1 
5 1 
5 1 
5 1 
5 23 
5 27 
5 8 
5 1 
5 1 
5 1 
5 1 
5 8 
5 1 
5 1 
5 8 
5 8 
5 1 
5 8 
5 1 
5 8 
5 80 
5 253 
5 253 
5 253 
5 253 
5 253 
9 21 
9 14 
9 27 
9 15 
9 47 
9 19 
9 12 
9 24 
9 1 
9 56 
9 13 
9 3 
9 61 
9 5 
9 21 
9 2 
9 23 
9 8 
9 12 
9 14 
9 47 
9 15 
9 16 
9 61 
9 22 
9 56 
9 6 
9 3 
9 13 
9 7 
9 4 
9 20 
9 8 
9 1 
9 22 
9 19 
9 21 
9 11 
9 2 
9 3 
9 24 
9 56 
9 1 
9 12 
9 4 
9 10 
9 16 
9 7 
9 18 
9 15 
9 27 
9 14 
9 45 
9 47 
9 2 
9 4 
9 17 
9 6 
9 7 
9 18 
9 43 
9 22 
9 25 
9 13 
9 15 
9 56 
9 1 
9 24 
9 20 
9 12 
9 27 
9 4 
9 21 
9 8 
9 18 
9 7 
9 56 
9 19 
9 20 
9 2 
9 45 
9 25 
9 11 
9 14 
9 22 
9 13 
9 6 
9 7 
9 8 
9 56 
9 21 
9 5 
9 2 
9 17 
9 27 
9 19 
9 45 
9 11 
9 7 
9 20 
9 6 
9 8 
9 56 
9 18 
9 16 
9 24 
9 22 
9 27 
9 14 
9 12 
9 4 
9 23 
9 16 
9 45 
9 24 
9 8 
9 19 
9 5 
9 2 
9 26 
9 35 
9 27 
9 22 
9 13 
9 25 
9 12 
9 21 
9 14 
9 45 
9 26 
9 19 
9 18 
9 16 
9 27 
9 23 
9 22 
9 2 
9 12 
9 4 
9 7 
9 40 
9 56 
9 6 
9 18 
9 13 
9 22 
9 14 
9 45 
9 26 
9 20 
9 23 
9 55 
9 19 
9 4 
9 13 
9 56 
9 7 
9 6 
9 61 
9 16 
9 40 
9 8 
9 27 
9 18 
9 23 
9 61 
9 4 
9 2 
9 16 
9 7 
9 35 
9 23 
9 14 
9 2 
9 4 
9 55 
9 40 
9 16 
9 22 
9 13 
9 14 
9 19 
9 23 
9 7 
9 35 
9 40 
9 55 
9 16 
9 56 
9 22 
9 2 
9 22 
9 2 
9 13 
9 168 
9 13 
9 13 
9 168 
9 13 
9 13 
9 13 
9 13 
9 169 
9 13 
9 13 
9 13 
9 13 
9 13 
9 13 
9 13 
7 19 
7 17 
7 10 
7 22 
7 40 
7 45 
7 43 
7 35 
7 25 
7 8 
7 2 
7 12 
7 3 
7 1 
7 13 
7 9 
7 2 
7 5 
7 20 
7 22 
7 27 
7 18 
7 9 
7 11 
7 47 
7 17 
7 21 
7 27 
7 8 
7 25 
7 23 
7 61 
7 3 
7 45 
7 6 
7 15 
7 5 
7 19 
7 22 
7 13 
7 11 
7 47 
7 56 
7 25 
7 8 
7 23 
7 9 
7 12 
7 4 
7 14 
7 45 
7 27 
7 26 
7 17 
7 56 
7 13 
7 11 
7 20 
7 6 
7 18 
7 45 
7 27 
7 2 
7 25 
7 21 
7 23 
7 14 
7 26 
7 12 
7 22 
7 4 
7 11 
7 16 
7 19 
7 9 
7 56 
7 40 
7 13 
7 8 
7 23 
7 25 
7 45 
7 27 
7 4 
7 56 
7 16 
7 26 
7 14 
7 25 
7 12 
7 35 
7 19 
7 9 
7 56 
7 20 
7 23 
7 13 
7 4 
7 35 
7 14 
7 21 
7 6 
7 26 
7 2 
7 55 
7 19 
7 23 
7 35 
7 22 
7 16 
7 9 
7 14 
7 40 
7 2 
7 18 
7 61 
7 56 
7 27 
7 22 
7 19 
7 35 
7 4 
7 9 
7 18 
7 14 
7 2 
7 22 
7 16 
7 4 
7 23 
7 35 
7 9 
7 19 
7 2 
7 22 
7 55 
7 56 
7 4 
7 16 
7 2 
7 9 
7 35 
7 14 
7 23 
7 40 
7 22 
7 19 
7 14 
7 56 
7 2 
7 35 
7 23 
7 16 
7 13 
7 40 
7 55 
7 9 
7 22 
7 14 
7 112 
7 40 
7 14 
7 21 
7 56 
7 40 
7 112 
7 162 
7 21 
7 21 
7 14 
7 21 
7 21 
7 21 
7 243 
7 21 
7 14 
7 14 
7 214 
7 21 
7 14 
7 214 
7 21 
7 14 
7 215 
7 216 
7 215 
7 14 
7 215 
7 118 
7 21 
7 215 
7 14 
7 162 
7 21 
7 14 
7 14 
7 21 
7 21 
7 56 
7 14 
7 21 
7 14 
7 21 
7 56 
7 56 
7 56 
21 7 
21 20 
21 9 
21 8 
21 24 
21 11 
21 56 
21 2 
21 27 
21 20 
21 45 
21 12 
21 22 
21 26 
21 16 
21 61 
21 35 
21 4 
21 19 
21 14 
21 9 
21 7 
21 40 
21 13 
21 20 
21 18 
21 55 
21 45 
21 23 
21 22 
21 35 
21 16 
21 14 
21 26 
21 43 
21 10 
21 43 
21 4 
21 43 
21 10 
21 18 
21 40 
21 35 
21 112 
21 56 
21 14 
21 7 
21 40 
21 112 
21 127 
21 118 
21 14 
21 7 
21 14 
21 14 
21 14 
21 243 
21 14 
21 7 
21 7 
21 14 
21 214 
21 7 
21 14 
21 7 
21 14 
21 215 
21 215 
21 7 
21 118 
21 118 
21 14 
21 118 
21 162 
21 215 
21 7 
21 14 
21 7 
21 14 
21 7 
21 14 
21 14 
21 7 
21 22 
21 56 
21 14 
21 56 
21 14 
21 14 
21 56 
21 14 
21 56 
21 14 
21 56 
21 7 
21 14 
21 43 
21 10 
21 43 
56 19 
56 11 
56 3 
56 8 
56 23 
56 9 
56 21 
56 2 
56 10 
56 5 
56 25 
56 13 
56 14 
56 23 
56 8 
56 47 
56 15 
56 4 
56 27 
56 3 
56 5 
56 6 
56 22 
56 10 
56 13 
56 19 
56 21 
56 25 
56 3 
56 7 
56 9 
56 24 
56 20 
56 14 
56 22 
56 23 
56 45 
56 17 
56 12 
56 5 
56 9 
56 7 
56 2 
56 3 
56 15 
56 43 
56 20 
56 14 
56 25 
56 47 
56 8 
56 19 
56 9 
56 27 
56 24 
56 10 
56 23 
56 3 
56 6 
56 4 
56 14 
56 45 
56 20 
56 25 
56 11 
56 7 
56 9 
56 8 
56 17 
56 1 
56 6 
56 23 
56 26 
56 13 
56 4 
56 5 
56 24 
56 19 
56 20 
56 14 
56 61 
56 27 
56 4 
56 17 
56 19 
56 20 
56 5 
56 26 
56 22 
56 45 
56 21 
56 14 
56 23 
56 12 
56 25 
56 7 
56 8 
56 9 
56 13 
56 19 
56 20 
56 5 
56 16 
56 24 
56 11 
56 18 
56 45 
56 27 
56 14 
56 22 
56 12 
56 7 
56 4 
56 21 
56 23 
56 26 
56 35 
56 20 
56 7 
56 13 
56 18 
56 16 
56 19 
56 2 
56 21 
56 23 
56 4 
56 45 
56 26 
56 55 
56 14 
56 7 
56 9 
56 40 
56 2 
56 20 
56 21 
56 35 
56 16 
56 22 
56 14 
56 6 
56 7 
56 2 
56 22 
56 6 
56 9 
56 40 
56 16 
56 55 
56 14 
56 61 
56 13 
56 18 
56 19 
56 23 
56 9 
56 22 
56 4 
56 2 
56 35 
56 13 
56 7 
56 14 
56 4 
56 35 
56 40 
56 19 
56 2 
56 14 
56 23 
56 13 
56 7 
56 40 
56 35 
56 16 
56 55 
56 9 
56 22 
56 2 
56 23 
56 27 
56 48 
56 1 
56 23 
56 5 
56 8 
56 27 
56 21 
56 7 
56 112 
56 46 
56 258 
56 21 
56 7 
56 14 
56 21 
56 14 
56 21 
56 133 
56 37 
56 37 
56 21 
56 7 
56 14 
56 37 
56 37 
56 7 
56 7 
56 7 
56 7 
56 7 
23 20 
23 43 
23 35 
23 22 
23 45 
23 40 
23 11 
23 2 
23 24 
23 14 
23 3 
23 27 
23 25 
23 13 
23 47 
23 15 
23 7 
23 5 
23 56 
23 6 
23 19 
23 61 
23 22 
23 25 
23 10 
23 16 
23 9 
23 8 
23 1 
23 14 
23 12 
23 15 
23 25 
23 5 
23 47 
23 7 
23 20 
23 19 
23 6 
23 21 
23 2 
23 27 
23 10 
23 17 
23 9 
23 45 
23 12 
23 47 
23 7 
23 11 
23 19 
23 21 
23 20 
23 4 
23 43 
23 25 
23 22 
23 24 
23 56 
23 7 
23 15 
23 5 
23 47 
23 6 
23 10 
23 21 
23 2 
23 43 
23 25 
23 45 
23 20 
23 27 
23 11 
23 1 
23 26 
23 24 
23 22 
23 4 
23 61 
23 13 
23 25 
23 56 
23 2 
23 11 
23 6 
23 17 
23 9 
23 8 
23 14 
23 61 
23 4 
23 13 
23 21 
23 25 
23 6 
23 19 
23 7 
23 24 
23 2 
23 5 
23 4 
23 61 
23 12 
23 56 
23 8 
23 22 
23 21 
23 13 
23 16 
23 9 
23 40 
23 6 
23 5 
23 19 
23 35 
23 2 
23 26 
23 7 
23 27 
23 40 
23 14 
23 4 
23 12 
23 19 
23 21 
23 22 
23 35 
23 20 
23 6 
23 27 
23 123 
23 2 
23 19 
23 26 
23 21 
23 7 
23 55 
23 16 
23 18 
23 9 
23 56 
23 40 
23 14 
23 13 
23 22 
23 6 
23 2 
23 35 
23 18 
23 13 
23 56 
23 40 
23 9 
23 19 
23 16 
23 14 
23 56 
23 2 
23 16 
23 9 
23 14 
23 55 
23 13 
23 22 
23 16 
23 35 
23 55 
23 56 
23 9 
23 7 
23 40 
23 19 
23 14 
23 16 
23 2 
23 35 
23 22 
23 55 
23 13 
23 9 
23 48 
23 27 
23 56 
23 8 
23 5 
23 27 
23 27 
23 27 
23 27 
23 27 
23 27 
23 27 
23 27 
23 27 
23 27 
23 31 
23 31 
23 31 
23 31 
2 19 
2 5 
2 1 
2 27 
2 25 
2 8 
2 12 
2 56 
2 24 
2 47 
2 9 
2 13 
2 3 
2 16 
2 10 
2 15 
2 11 
2 22 
2 56 
2 21 
2 19 
2 20 
2 25 
2 4 
2 47 
2 1 
2 8 
2 61 
2 24 
2 5 
2 23 
2 7 
2 6 
2 11 
2 27 
2 10 
2 61 
2 22 
2 16 
2 8 
2 47 
2 17 
2 3 
2 20 
2 56 
2 15 
2 12 
2 10 
2 43 
2 7 
2 8 
2 45 
2 19 
2 16 
2 17 
2 13 
2 25 
2 12 
2 61 
2 9 
2 45 
2 15 
2 8 
2 47 
2 14 
2 22 
2 21 
2 17 
2 4 
2 5 
2 11 
2 45 
2 24 
2 23 
2 25 
2 27 
2 18 
2 8 
2 9 
2 5 
2 4 
2 7 
2 17 
2 45 
2 26 
2 25 
2 21 
2 18 
2 11 
2 23 
2 12 
2 7 
2 16 
2 8 
2 56 
2 4 
2 22 
2 9 
2 19 
2 26 
2 20 
2 21 
2 6 
2 14 
2 27 
2 12 
2 26 
2 7 
2 56 
2 19 
2 61 
2 40 
2 14 
2 6 
2 21 
2 4 
2 26 
2 20 
2 35 
2 9 
2 16 
2 55 
2 7 
2 23 
2 56 
2 19 
2 6 
2 14 
2 61 
2 16 
2 9 
2 4 
2 35 
2 23 
2 14 
2 13 
2 19 
2 16 
2 4 
2 55 
2 7 
2 35 
2 9 
2 23 
2 56 
2 19 
2 4 
2 22 
2 7 
2 23 
2 14 
2 19 
2 55 
2 23 
2 13 
2 9 
2 22 
2 14 
2 19 
2 23 
2 40 
2 35 
2 7 
2 16 
2 56 
2 55 
2 9 
2 22 
2 55 
2 264 
8 11 
8 17 
8 48 
8 10 
8 12 
8 14 
8 15 
8 27 
8 25 
8 9 
8 56 
8 3 
8 22 
8 2 
8 1 
8 47 
8 11 
8 15 
8 21 
8 61 
8 24 
8 20 
8 10 
8 23 
8 2 
8 27 
8 11 
8 15 
8 5 
8 6 
8 21 
8 7 
8 20 
8 1 
8 16 
8 19 
8 9 
8 13 
8 47 
8 12 
8 14 
8 45 
8 27 
8 3 
8 25 
8 5 
8 20 
8 61 
8 19 
8 56 
8 18 
8 13 
8 24 
8 1 
8 21 
8 43 
8 3 
8 10 
8 4 
8 17 
8 16 
8 23 
8 2 
8 12 
8 7 
8 5 
8 20 
8 43 
8 45 
8 25 
8 19 
8 1 
8 11 
8 15 
8 10 
8 12 
8 14 
8 2 
8 22 
8 4 
8 23 
8 45 
8 19 
8 24 
8 13 
8 16 
8 6 
8 20 
8 7 
8 27 
8 2 
8 14 
8 9 
8 22 
8 1 
8 21 
8 16 
8 18 
8 13 
8 24 
8 12 
8 19 
8 2 
8 45 
8 22 
8 14 
8 26 
8 17 
8 11 
8 27 
8 4 
8 12 
8 21 
8 19 
8 24 
8 16 
8 6 
8 9 
8 20 
8 56 
8 7 
8 14 
8 22 
8 13 
8 40 
8 45 
8 26 
8 1 
8 55 
8 26 
8 25 
8 21 
8 13 
8 27 
8 5 
8 1 
8 12 
8 1 
8 1 
8 19 
8 14 
8 29 
8 1 
8 27 
8 48 
8 56 
8 1 
8 5 
8 23 
8 27 
8 1 
8 5 
8 1 
8 5 
8 1 
8 5 
8 1 
8 5 
8 1 
