1 2 
1 3 
1 4 
1 5 
1 6 
1 7 
1 8 
1 9 
1 10 
1 11 
1 12 
1 13 
1 14 
1 15 
1 16 
1 11 
1 17 
1 8 
1 18 
1 19 
1 20 
1 21 
1 22 
1 9 
1 12 
1 14 
1 23 
1 24 
1 3 
1 17 
1 19 
1 8 
1 25 
1 21 
1 20 
1 5 
1 6 
1 24 
1 26 
1 12 
1 11 
1 14 
1 23 
1 16 
1 9 
1 22 
1 8 
1 27 
1 12 
1 24 
1 27 
1 22 
1 8 
1 5 
1 8 
1 8 
1 28 
1 8 
1 5 
1 29 
1 5 
1 27 
1 23 
1 8 
1 5 
1 5 
1 5 
1 8 
1 8 
1 8 
1 5 
1 3 
1 3 
1 3 
1 3 
1 3 
1 15 
1 15 
1 3 
1 3 
1 3 
1 3 
1 15 
1 3 
1 15 
1 3 
1 3 
1 2 
1 30 
1 31 
1 2 
1 32 
1 30 
1 15 
1 17 
1 33 
1 12 
1 30 
1 31 
1 34 
1 27 
1 32 
1 2 
1 17 
1 12 
1 35 
1 36 
1 15 
1 37 
1 30 
1 20 
1 31 
1 32 
1 17 
1 2 
1 3 
1 38 
1 36 
1 15 
1 35 
1 30 
1 12 
1 39 
1 40 
1 34 
1 21 
1 36 
1 20 
1 2 
1 38 
1 12 
1 35 
1 32 
1 33 
1 2 
1 41 
1 37 
1 30 
1 36 
1 27 
1 11 
1 17 
1 39 
1 12 
1 31 
1 32 
1 38 
1 37 
1 27 
1 20 
1 2 
1 21 
1 38 
1 15 
1 30 
1 41 
1 20 
1 32 
1 24 
1 11 
1 31 
1 12 
1 7 
1 17 
1 38 
1 33 
1 2 
1 37 
1 20 
1 30 
1 7 
1 40 
1 38 
1 15 
1 11 
1 2 
1 32 
1 33 
1 39 
1 31 
1 37 
1 21 
1 24 
1 42 
1 17 
1 36 
1 38 
1 39 
1 40 
1 12 
1 20 
1 6 
1 3 
1 21 
1 43 
1 44 
1 15 
1 27 
1 17 
1 39 
1 45 
1 38 
1 30 
1 31 
1 21 
1 15 
1 27 
1 37 
1 32 
1 2 
1 3 
1 17 
1 15 
1 20 
1 31 
1 7 
1 39 
1 3 
1 17 
1 30 
1 43 
1 31 
1 11 
1 2 
1 7 
1 21 
1 39 
1 20 
1 27 
1 30 
1 41 
1 2 
1 27 
1 45 
1 32 
1 15 
1 44 
1 31 
1 11 
1 39 
1 30 
1 17 
1 33 
1 2 
1 20 
1 20 
1 37 
1 45 
1 31 
1 33 
1 32 
1 11 
1 17 
1 6 
1 3 
1 2 
1 45 
1 44 
1 46 
1 7 
1 40 
1 27 
1 15 
1 38 
1 2 
1 44 
1 37 
1 32 
1 11 
1 43 
1 15 
1 11 
1 7 
1 32 
1 20 
1 38 
1 27 
1 37 
1 41 
1 33 
1 2 
1 44 
1 45 
1 15 
1 37 
1 33 
1 11 
1 20 
1 37 
1 44 
1 43 
1 2 
1 41 
1 32 
1 3 
1 11 
1 45 
1 33 
1 2 
1 18 
1 47 
1 32 
1 17 
1 38 
1 14 
1 15 
1 19 
1 2 
1 35 
1 18 
1 14 
1 32 
1 31 
1 33 
1 35 
1 23 
1 25 
1 41 
1 17 
1 37 
1 40 
1 48 
1 35 
1 7 
1 49 
1 32 
1 24 
1 15 
1 21 
1 10 
1 45 
1 45 
1 50 
1 5 
1 12 
1 7 
1 51 
1 46 
1 12 
1 5 
1 52 
1 7 
1 46 
1 51 
1 42 
1 4 
1 12 
1 46 
1 52 
1 51 
1 7 
1 53 
1 46 
1 38 
1 7 
1 7 
1 51 
1 54 
1 38 
1 52 
1 17 
1 24 
1 7 
1 46 
1 48 
1 5 
1 31 
1 38 
1 21 
1 21 
1 43 
1 25 
1 19 
1 37 
1 3 
1 20 
1 15 
1 38 
1 20 
1 37 
1 17 
1 2 
1 35 
1 40 
1 20 
1 22 
1 55 
1 27 
1 38 
1 23 
1 2 
1 31 
1 37 
1 15 
1 20 
1 21 
1 27 
1 55 
1 12 
1 56 
1 11 
1 22 
1 15 
1 47 
1 17 
1 15 
1 17 
1 37 
1 38 
1 18 
1 39 
1 17 
1 23 
1 38 
1 56 
1 5 
1 16 
1 45 
1 14 
1 17 
1 45 
1 16 
1 41 
1 55 
1 47 
1 32 
1 24 
1 57 
1 58 
1 32 
1 24 
1 57 
1 55 
1 57 
1 5 
1 54 
1 18 
1 7 
1 54 
1 31 
1 14 
1 20 
1 59 
1 54 
1 17 
1 38 
1 9 
1 27 
1 3 
1 21 
1 27 
1 35 
1 41 
1 37 
1 17 
1 47 
1 2 
1 35 
1 17 
1 25 
1 41 
1 7 
42 78 
42 78 
42 79 
42 78 
42 79 
42 78 
42 28 
42 78 
42 28 
42 28 
42 28 
42 78 
42 28 
42 78 
42 79 
42 78 
42 28 
42 78 
42 28 
42 80 
42 28 
42 28 
42 24 
42 4 
42 25 
42 12 
42 36 
42 38 
42 47 
42 7 
42 1 
42 56 
42 39 
42 25 
42 31 
42 7 
42 38 
42 32 
42 11 
42 56 
42 2 
42 23 
42 7 
42 11 
42 9 
42 31 
42 23 
42 32 
42 41 
42 3 
42 30 
42 38 
42 33 
42 1 
42 11 
42 40 
42 48 
42 9 
42 5 
42 30 
42 9 
42 44 
42 38 
42 37 
42 2 
42 11 
42 20 
42 44 
42 3 
42 2 
42 13 
42 45 
42 6 
42 27 
42 31 
42 18 
42 56 
42 49 
42 20 
42 24 
42 15 
42 14 
42 7 
42 2 
42 56 
42 55 
42 24 
42 23 
42 25 
42 19 
42 49 
42 17 
42 32 
42 24 
42 27 
42 23 
42 20 
42 49 
42 23 
42 20 
42 5 
42 33 
42 38 
42 23 
42 38 
42 49 
42 1 
42 5 
42 63 
42 31 
42 18 
42 2 
42 6 
42 12 
42 24 
42 5 
42 48 
42 54 
42 19 
42 24 
42 6 
42 17 
42 25 
42 11 
42 55 
42 47 
42 14 
42 9 
42 18 
42 17 
42 15 
42 4 
42 48 
42 6 
42 9 
42 14 
42 11 
42 15 
42 43 
42 22 
42 35 
42 15 
42 17 
42 32 
42 1 
42 23 
42 11 
42 55 
42 48 
42 15 
42 27 
42 1 
42 17 
42 47 
42 17 
42 47 
42 48 
42 23 
42 17 
42 1 
42 3 
42 31 
42 47 
42 56 
42 22 
42 12 
42 35 
42 55 
42 23 
42 18 
42 5 
42 1 
42 56 
42 38 
42 22 
42 55 
42 25 
42 18 
42 39 
42 23 
42 5 
42 22 
42 55 
42 3 
42 39 
42 5 
42 37 
42 22 
42 32 
42 40 
42 38 
42 37 
42 24 
42 18 
42 81 
42 81 
42 5 
42 18 
42 81 
42 18 
42 81 
42 25 
42 43 
42 18 
42 24 
42 81 
42 16 
42 5 
42 5 
42 55 
42 12 
18 27 
18 35 
18 11 
18 20 
18 3 
18 7 
18 9 
18 23 
18 25 
18 1 
18 14 
18 5 
18 13 
18 12 
18 8 
18 10 
18 2 
18 22 
18 56 
18 45 
18 14 
18 13 
18 21 
18 3 
18 12 
18 17 
18 27 
18 6 
18 25 
18 43 
18 10 
18 11 
18 22 
18 15 
18 47 
18 12 
18 14 
18 5 
18 4 
18 19 
18 56 
18 1 
18 2 
18 23 
18 9 
18 21 
18 11 
18 26 
18 7 
18 6 
18 22 
18 14 
18 5 
18 16 
18 24 
18 8 
18 4 
18 23 
18 12 
18 19 
18 45 
18 21 
18 5 
18 24 
18 13 
18 11 
18 27 
18 35 
18 6 
18 8 
18 26 
18 4 
18 13 
18 20 
18 6 
18 45 
18 8 
18 16 
18 22 
18 26 
18 13 
18 23 
18 40 
18 55 
18 35 
18 56 
18 6 
18 19 
18 13 
18 4 
18 2 
18 14 
18 22 
18 55 
18 23 
18 9 
18 56 
18 2 
18 21 
18 13 
18 76 
18 59 
18 36 
18 1 
18 35 
18 2 
18 40 
18 12 
18 20 
18 45 
18 24 
18 12 
18 33 
18 35 
18 12 
18 33 
18 35 
18 12 
18 17 
18 33 
18 40 
18 43 
18 2 
18 24 
18 20 
18 43 
18 17 
18 43 
18 32 
18 24 
18 33 
18 33 
18 11 
18 39 
18 30 
18 55 
18 39 
18 9 
18 31 
18 11 
18 23 
18 6 
18 42 
18 35 
18 14 
18 47 
18 2 
18 41 
18 1 
18 31 
18 23 
18 14 
18 17 
18 55 
18 33 
18 19 
18 6 
18 34 
18 31 
18 34 
18 31 
18 10 
18 6 
18 87 
18 34 
18 65 
18 10 
18 6 
18 34 
18 14 
18 34 
18 88 
18 6 
18 34 
18 43 
18 6 
18 31 
18 42 
18 1 
18 36 
18 7 
18 48 
18 22 
18 41 
18 23 
18 22 
18 55 
18 89 
18 90 
18 19 
18 10 
18 17 
18 31 
18 9 
18 5 
18 25 
18 56 
18 24 
18 23 
18 37 
18 15 
18 11 
18 32 
18 17 
18 12 
18 23 
18 22 
18 20 
18 1 
18 11 
18 42 
18 56 
18 46 
18 27 
18 37 
18 55 
18 35 
18 11 
18 15 
18 46 
18 9 
18 22 
18 31 
18 55 
18 41 
18 46 
18 23 
18 35 
18 17 
18 14 
18 23 
18 35 
18 1 
18 5 
18 55 
18 38 
18 27 
18 41 
18 42 
18 46 
18 47 
18 39 
18 23 
18 30 
18 37 
18 22 
18 35 
18 39 
18 35 
18 23 
18 23 
18 81 
18 42 
18 58 
18 42 
18 42 
18 42 
18 1 
18 42 
18 30 
18 30 
18 22 
18 13 
18 16 
22 43 
22 11 
22 23 
22 35 
22 45 
22 17 
22 40 
22 19 
22 25 
22 16 
22 7 
22 18 
22 10 
22 61 
22 27 
22 12 
22 15 
22 14 
22 47 
22 5 
22 9 
22 21 
22 19 
22 7 
22 13 
22 23 
22 25 
22 11 
22 3 
22 1 
22 6 
22 9 
22 8 
22 12 
22 4 
22 20 
22 21 
22 2 
22 25 
22 56 
22 7 
22 19 
22 27 
22 12 
22 14 
22 23 
22 4 
22 16 
22 17 
22 6 
22 8 
22 2 
22 11 
22 3 
22 7 
22 1 
22 21 
22 25 
22 2 
22 13 
22 20 
22 43 
22 23 
22 5 
22 24 
22 11 
22 14 
22 47 
22 10 
22 17 
22 4 
22 27 
22 9 
22 1 
22 15 
22 20 
22 5 
22 25 
22 21 
22 13 
22 26 
22 14 
22 19 
22 8 
22 7 
22 6 
22 24 
22 11 
22 45 
22 1 
22 18 
22 12 
22 14 
22 26 
22 16 
22 17 
22 4 
22 56 
22 9 
22 6 
22 11 
22 18 
22 13 
22 8 
22 2 
22 26 
22 14 
22 23 
22 5 
22 21 
22 45 
22 6 
22 16 
22 4 
22 24 
22 40 
22 8 
22 27 
22 23 
22 26 
22 11 
22 12 
22 21 
22 16 
22 6 
22 8 
22 2 
22 9 
22 56 
22 26 
22 19 
22 4 
22 18 
22 14 
22 45 
22 35 
22 23 
22 27 
22 21 
22 8 
22 40 
22 16 
22 20 
22 13 
22 18 
22 9 
22 35 
22 14 
22 19 
22 23 
22 4 
22 40 
22 6 
22 8 
22 55 
22 7 
22 13 
22 18 
22 40 
22 19 
22 35 
22 23 
22 56 
22 4 
22 2 
22 40 
22 7 
22 16 
22 55 
22 23 
22 7 
22 35 
22 2 
22 13 
22 23 
22 56 
22 40 
22 16 
22 7 
22 35 
22 14 
22 19 
22 2 
22 40 
22 13 
22 35 
22 55 
22 16 
22 56 
22 2 
22 13 
22 9 
22 2 
22 30 
22 30 
22 37 
22 30 
22 30 
22 30 
22 30 
22 30 
22 30 
22 30 
22 30 
22 30 
22 30 
22 37 
22 30 
22 30 
22 25 
22 1 
22 45 
22 14 
22 47 
22 9 
22 38 
22 18 
22 17 
22 14 
22 11 
22 35 
22 40 
22 1 
22 23 
22 38 
22 20 
22 37 
22 5 
22 17 
22 11 
22 18 
22 31 
22 27 
22 2 
22 20 
22 18 
22 12 
22 27 
22 4 
22 1 
22 40 
22 24 
22 11 
22 7 
22 31 
22 20 
22 23 
22 39 
22 55 
22 27 
22 6 
22 1 
22 18 
22 9 
22 32 
22 12 
22 24 
22 25 
22 41 
22 37 
22 17 
22 56 
22 31 
22 15 
22 5 
22 41 
22 18 
22 23 
22 55 
22 12 
22 37 
22 14 
22 21 
22 31 
22 32 
22 18 
22 55 
22 9 
22 39 
22 42 
22 18 
22 12 
22 32 
22 47 
22 37 
22 56 
22 27 
22 23 
22 31 
22 39 
22 30 
22 37 
22 41 
22 55 
22 5 
22 18 
22 35 
22 32 
22 42 
22 56 
22 47 
22 25 
22 32 
22 38 
22 31 
22 55 
22 39 
22 42 
22 40 
22 23 
22 56 
22 24 
22 5 
22 30 
22 11 
22 35 
22 14 
22 24 
22 30 
22 14 
22 47 
22 16 
22 35 
22 11 
22 14 
22 11 
22 31 
22 14 
22 30 
22 47 
22 3 
22 18 
22 11 
22 13 
22 11 
22 11 
22 13 
22 11 
22 3 
22 56 
22 2 
22 1 
22 37 
22 17 
22 25 
22 16 
22 37 
22 41 
22 27 
22 14 
22 9 
22 38 
22 18 
22 2 
22 41 
22 35 
22 31 
22 9 
22 14 
22 7 
22 27 
22 17 
22 13 
22 38 
22 100 
22 36 
22 47 
22 55 
12 1 
12 56 
12 15 
12 9 
12 21 
12 13 
12 3 
12 25 
12 8 
12 14 
12 61 
12 27 
12 10 
12 47 
12 20 
12 5 
12 19 
12 2 
12 9 
12 1 
12 13 
12 3 
12 21 
12 14 
12 27 
12 47 
12 15 
12 10 
12 8 
12 19 
12 20 
12 2 
12 56 
12 5 
12 11 
12 25 
12 15 
12 14 
12 27 
12 16 
12 3 
12 23 
12 1 
12 20 
12 7 
12 5 
12 15 
12 47 
12 21 
12 22 
12 10 
12 19 
12 14 
12 17 
12 15 
12 9 
12 24 
12 8 
12 47 
12 21 
12 2 
12 11 
12 16 
12 4 
12 19 
12 17 
12 9 
12 24 
12 27 
12 5 
12 1 
12 22 
12 11 
12 14 
12 56 
12 23 
12 21 
12 20 
12 18 
12 13 
12 22 
12 9 
12 14 
12 26 
12 45 
12 6 
12 5 
12 18 
12 25 
12 7 
12 19 
12 11 
12 8 
12 9 
12 13 
12 2 
12 21 
12 24 
12 35 
12 56 
12 23 
12 4 
12 16 
12 26 
12 45 
12 19 
12 4 
12 27 
12 7 
12 21 
12 14 
12 9 
12 2 
12 13 
12 40 
12 35 
12 23 
12 19 
12 20 
12 16 
12 76 
12 26 
12 24 
12 25 
12 5 
12 27 
12 42 
12 42 
12 42 
12 14 
12 112 
12 77 
12 77 
12 113 
12 113 
12 113 
12 49 
12 49 
12 113 
12 113 
12 113 
12 113 
12 113 
12 113 
12 113 
12 113 
12 113 
12 113 
12 113 
12 113 
12 113 
12 113 
12 113 
12 113 
12 113 
12 113 
12 113 
12 113 
12 113 
12 113 
12 113 
12 113 
12 113 
12 113 
12 113 
12 113 
12 113 
12 113 
12 113 
12 113 
12 113 
12 113 
12 113 
12 113 
12 113 
12 113 
12 113 
12 113 
12 113 
12 113 
12 113 
12 114 
12 27 
12 43 
12 115 
12 21 
12 17 
12 10 
12 43 
12 21 
12 1 
12 30 
12 31 
12 15 
12 6 
12 25 
12 2 
12 45 
12 58 
12 48 
12 17 
12 24 
12 20 
12 15 
12 17 
12 36 
12 35 
12 33 
12 2 
12 27 
12 15 
12 31 
12 32 
12 24 
12 39 
12 1 
12 20 
12 58 
12 4 
12 34 
12 31 
12 38 
12 32 
12 39 
12 18 
12 31 
12 1 
12 33 
12 24 
12 38 
12 2 
12 20 
12 3 
12 39 
12 4 
12 32 
12 56 
12 21 
12 35 
12 20 
12 11 
12 1 
12 2 
12 36 
12 39 
12 35 
12 33 
12 24 
12 15 
12 4 
12 30 
12 2 
12 40 
12 10 
12 32 
12 21 
12 35 
12 31 
12 25 
12 24 
12 13 
12 39 
12 1 
12 2 
12 15 
12 4 
12 31 
12 48 
12 38 
12 43 
12 41 
12 11 
12 24 
12 2 
12 40 
12 20 
12 7 
12 32 
12 30 
12 33 
12 38 
12 31 
12 35 
12 20 
12 11 
12 17 
12 2 
12 43 
12 40 
12 35 
12 45 
12 15 
12 36 
12 33 
12 18 
12 10 
12 1 
12 15 
12 31 
12 32 
12 7 
12 11 
12 38 
12 40 
12 2 
12 56 
12 1 
12 20 
12 15 
12 116 
12 116 
12 4 
12 81 
12 52 
12 17 
12 55 
12 65 
12 19 
12 52 
12 48 
12 5 
12 35 
12 65 
12 36 
12 48 
12 21 
12 5 
12 65 
12 21 
12 19 
12 43 
12 58 
12 5 
12 48 
12 43 
12 45 
12 5 
12 54 
12 31 
12 52 
12 54 
12 52 
12 19 
12 46 
12 46 
12 54 
12 1 
12 54 
12 7 
12 52 
12 4 
12 7 
12 1 
12 52 
12 4 
12 46 
12 51 
12 54 
12 1 
12 7 
12 57 
12 27 
12 90 
12 42 
12 24 
12 19 
12 15 
12 43 
12 48 
12 15 
12 5 
12 3 
12 7 
12 42 
12 19 
12 24 
12 38 
12 15 
12 10 
12 56 
12 43 
12 17 
12 31 
12 54 
12 24 
12 7 
12 2 
12 19 
12 4 
12 2 
12 15 
12 3 
12 10 
12 27 
12 31 
12 7 
12 14 
12 56 
12 23 
12 22 
12 27 
12 37 
12 2 
12 4 
12 24 
12 17 
12 18 
12 22 
12 35 
12 31 
12 27 
12 25 
12 1 
12 24 
12 55 
12 9 
12 15 
12 11 
12 23 
12 37 
12 24 
12 56 
12 55 
12 15 
12 41 
12 18 
12 27 
12 24 
12 25 
12 15 
12 32 
12 14 
12 23 
12 24 
12 55 
12 4 
12 56 
12 3 
12 27 
12 31 
12 42 
12 22 
12 25 
12 41 
12 31 
12 56 
12 37 
12 18 
12 16 
12 101 
32 120 
32 121 
32 122 
32 122 
32 122 
32 122 
32 76 
32 33 
32 34 
32 2 
32 20 
32 31 
32 2 
32 15 
32 20 
32 1 
32 31 
32 12 
32 25 
32 39 
32 36 
32 48 
32 34 
32 2 
32 33 
32 3 
32 20 
32 15 
32 27 
32 1 
32 35 
32 31 
32 24 
32 27 
32 15 
32 12 
32 35 
32 17 
32 39 
32 21 
32 30 
32 43 
32 9 
32 3 
32 38 
32 35 
32 45 
32 40 
32 12 
32 2 
32 31 
32 39 
32 33 
32 11 
32 34 
32 30 
32 38 
32 36 
32 1 
32 39 
32 20 
32 21 
32 11 
32 40 
32 12 
32 36 
32 1 
32 43 
32 11 
32 6 
32 2 
32 38 
32 25 
32 36 
32 1 
32 35 
32 13 
32 11 
32 40 
32 43 
32 39 
32 25 
32 31 
32 3 
32 33 
32 11 
32 9 
32 1 
32 4 
32 38 
32 3 
32 2 
32 12 
32 20 
32 11 
32 10 
32 43 
32 24 
32 9 
32 7 
32 39 
32 21 
32 17 
32 1 
32 2 
32 31 
32 2 
32 12 
32 39 
32 38 
32 11 
32 31 
32 21 
32 37 
32 42 
32 39 
32 12 
32 3 
32 1 
32 43 
32 20 
32 111 
32 24 
32 38 
32 11 
32 44 
32 10 
32 33 
32 41 
32 42 
32 39 
32 20 
32 30 
32 14 
32 1 
32 39 
32 21 
32 24 
32 44 
32 33 
32 15 
32 2 
32 31 
32 38 
32 11 
32 27 
32 39 
32 24 
32 43 
32 21 
32 45 
32 1 
32 7 
32 48 
32 6 
32 2 
32 45 
32 38 
32 44 
32 27 
32 6 
32 18 
32 39 
32 24 
32 1 
32 7 
32 2 
32 11 
32 3 
32 24 
32 33 
32 17 
32 53 
32 1 
32 43 
32 45 
32 27 
32 38 
32 31 
32 1 
32 27 
32 33 
32 44 
32 1 
32 24 
32 56 
32 23 
32 44 
32 14 
32 2 
32 38 
32 23 
32 3 
32 11 
32 33 
32 44 
32 20 
32 2 
32 27 
32 45 
32 33 
32 11 
32 27 
32 33 
32 1 
32 38 
32 44 
32 43 
32 2 
32 11 
32 20 
32 3 
32 1 
32 6 
32 33 
32 14 
32 7 
32 38 
32 25 
32 15 
32 47 
32 13 
32 37 
32 35 
32 31 
32 33 
32 41 
32 25 
32 56 
32 17 
32 27 
32 23 
32 49 
32 31 
32 2 
32 41 
32 13 
32 1 
32 15 
32 49 
32 24 
32 47 
32 15 
32 34 
32 87 
32 47 
32 31 
32 24 
32 47 
32 19 
32 24 
32 19 
32 25 
32 34 
32 19 
32 15 
32 47 
32 55 
32 9 
32 37 
32 56 
32 9 
32 55 
32 14 
32 37 
32 56 
32 55 
32 45 
32 9 
32 25 
32 41 
32 37 
32 13 
32 1 
32 56 
32 17 
32 31 
32 42 
32 11 
32 17 
32 14 
32 13 
32 47 
32 6 
32 45 
32 5 
32 54 
32 56 
32 3 
32 14 
32 25 
32 22 
32 18 
32 55 
32 27 
32 23 
32 12 
32 15 
32 37 
32 25 
32 12 
32 11 
32 56 
32 55 
32 27 
32 37 
32 22 
32 47 
32 25 
32 15 
32 3 
32 47 
32 14 
32 4 
32 22 
32 12 
32 12 
32 42 
32 5 
32 22 
32 47 
32 23 
32 37 
32 41 
32 5 
32 56 
32 37 
32 42 
32 23 
32 22 
32 35 
32 39 
32 5 
32 43 
32 2 
32 30 
32 22 
32 40 
32 38 
32 45 
32 57 
32 55 
32 1 
32 47 
32 57 
32 25 
32 43 
32 25 
32 123 
32 16 
32 25 
32 24 
32 43 
32 5 
32 124 
32 125 
32 25 
32 31 
32 31 
32 37 
32 43 
32 31 
32 22 
32 43 
32 37 
32 38 
32 25 
32 5 
32 13 
32 17 
32 5 
32 47 
32 31 
32 9 
32 27 
32 40 
32 16 
32 55 
25 2 
25 23 
25 14 
25 1 
25 61 
25 22 
25 16 
25 12 
25 9 
25 3 
25 11 
25 21 
25 8 
25 19 
25 27 
25 56 
25 2 
25 23 
25 15 
25 14 
25 12 
25 35 
25 13 
25 47 
25 7 
25 20 
25 3 
25 10 
25 16 
25 27 
25 22 
25 14 
25 15 
25 23 
25 11 
25 19 
25 56 
25 9 
25 13 
25 24 
25 21 
25 7 
25 18 
25 23 
25 20 
25 3 
25 45 
25 14 
25 13 
25 10 
25 5 
25 8 
25 1 
25 19 
25 17 
25 23 
25 2 
25 43 
25 7 
25 6 
25 13 
25 9 
25 11 
25 22 
25 14 
25 4 
25 17 
25 27 
25 24 
25 45 
25 26 
25 20 
25 21 
25 7 
25 27 
25 24 
25 13 
25 4 
25 8 
25 2 
25 19 
25 6 
25 23 
25 7 
25 56 
25 55 
25 48 
25 16 
25 22 
25 21 
25 45 
25 35 
25 24 
25 23 
25 6 
25 2 
25 9 
25 1 
25 22 
25 8 
25 5 
25 11 
25 24 
25 76 
25 24 
25 26 
25 12 
25 29 
25 26 
25 26 
25 26 
25 26 
25 26 
25 26 
25 26 
25 131 
25 131 
25 61 
25 131 
25 61 
25 131 
25 61 
25 61 
25 61 
25 61 
25 61 
25 61 
25 61 
25 61 
25 61 
25 61 
25 61 
25 61 
25 61 
25 61 
25 2 
25 1 
25 3 
25 35 
25 56 
25 31 
25 38 
25 132 
25 20 
25 38 
25 45 
25 37 
25 132 
25 56 
25 17 
25 35 
25 37 
25 32 
25 39 
25 36 
25 2 
25 31 
25 12 
25 17 
25 36 
25 7 
25 35 
25 31 
25 31 
25 20 
25 13 
25 38 
25 12 
25 11 
25 36 
25 56 
25 39 
25 7 
25 13 
25 11 
25 31 
25 13 
25 31 
25 11 
25 56 
25 11 
25 17 
25 7 
25 42 
25 31 
25 38 
25 11 
25 7 
25 38 
25 31 
25 11 
25 7 
25 23 
25 38 
25 31 
25 1 
25 2 
25 20 
25 38 
25 23 
25 42 
25 11 
25 56 
25 14 
25 7 
25 49 
25 32 
25 23 
25 35 
25 17 
25 48 
25 41 
25 42 
25 14 
25 1 
25 43 
25 15 
25 17 
25 39 
25 47 
25 11 
25 15 
25 31 
25 47 
25 24 
25 49 
25 19 
25 15 
25 47 
25 11 
25 14 
25 39 
25 37 
25 55 
25 48 
25 31 
25 87 
25 87 
25 34 
25 15 
25 32 
25 15 
25 24 
25 32 
25 47 
25 15 
25 11 
25 19 
25 14 
25 40 
25 39 
25 6 
25 15 
25 11 
25 39 
25 41 
25 45 
25 7 
25 32 
25 54 
25 38 
25 43 
25 12 
25 37 
25 24 
25 17 
25 6 
25 90 
25 13 
25 56 
25 15 
25 32 
25 12 
25 19 
25 43 
25 3 
25 1 
25 13 
25 38 
25 6 
25 11 
25 42 
25 2 
25 5 
25 43 
25 3 
25 1 
25 17 
25 15 
25 12 
25 10 
25 56 
25 45 
25 43 
25 20 
25 19 
25 37 
25 11 
25 2 
25 10 
25 24 
25 31 
25 27 
25 7 
25 32 
25 3 
25 54 
25 5 
25 56 
25 22 
25 43 
25 17 
25 3 
25 11 
25 15 
25 22 
25 23 
25 32 
25 37 
25 18 
25 9 
25 54 
25 12 
25 56 
25 1 
25 39 
25 11 
25 55 
25 5 
25 54 
25 45 
25 31 
25 22 
25 56 
25 9 
25 14 
25 32 
25 37 
25 24 
25 3 
25 5 
25 45 
25 15 
25 39 
25 23 
25 56 
25 4 
25 12 
25 14 
25 3 
25 24 
25 35 
25 30 
25 9 
25 5 
25 55 
25 17 
25 16 
25 56 
25 21 
25 30 
25 41 
25 56 
25 14 
25 45 
25 11 
25 123 
25 43 
25 63 
25 43 
25 58 
25 32 
25 43 
25 37 
25 123 
25 32 
25 43 
25 32 
25 24 
25 42 
25 43 
25 43 
25 31 
25 14 
25 32 
25 43 
25 31 
25 37 
25 14 
25 32 
25 43 
25 22 
25 31 
25 37 
25 43 
25 32 
25 17 
25 31 
25 43 
25 41 
25 35 
25 5 
25 55 
27 15 
27 12 
27 47 
27 21 
27 3 
27 23 
27 22 
27 11 
27 24 
27 7 
27 56 
27 1 
27 16 
27 8 
27 25 
27 15 
27 5 
27 11 
27 14 
27 23 
27 22 
27 12 
27 20 
27 47 
27 9 
27 19 
27 1 
27 17 
27 6 
27 8 
27 7 
27 56 
27 4 
27 3 
27 10 
27 24 
27 20 
27 47 
27 11 
27 14 
27 2 
27 22 
27 21 
27 5 
27 25 
27 1 
27 8 
27 16 
27 10 
27 56 
27 4 
27 24 
27 20 
27 17 
27 15 
27 22 
27 19 
27 5 
27 47 
27 25 
27 2 
27 21 
27 8 
27 20 
27 6 
27 7 
27 26 
27 13 
27 9 
27 4 
27 56 
27 61 
27 25 
27 20 
27 18 
27 45 
27 5 
27 17 
27 6 
27 1 
27 2 
27 23 
27 12 
27 14 
27 21 
27 26 
27 9 
27 8 
27 4 
27 13 
27 18 
27 24 
27 20 
27 56 
27 16 
27 6 
27 1 
27 25 
27 21 
27 45 
27 22 
27 14 
27 26 
27 19 
27 23 
27 5 
27 24 
27 9 
27 13 
27 8 
27 16 
27 6 
27 7 
27 35 
27 20 
27 45 
27 23 
27 56 
27 9 
27 22 
27 26 
27 19 
27 61 
27 35 
27 23 
27 21 
27 14 
27 12 
27 45 
27 25 
27 76 
27 24 
27 5 
27 8 
27 56 
27 2 
27 14 
27 22 
27 55 
27 8 
27 12 
27 29 
27 56 
27 1 
27 8 
27 5 
27 23 
27 23 
27 23 
27 23 
27 23 
27 23 
27 23 
27 23 
27 23 
27 23 
27 23 
27 14 
27 115 
27 12 
27 115 
27 1 
27 20 
27 2 
27 20 
27 1 
27 39 
27 2 
27 17 
27 1 
27 34 
27 32 
27 20 
27 17 
27 15 
27 3 
27 36 
27 1 
27 39 
27 3 
27 32 
27 1 
27 11 
27 6 
27 32 
27 39 
27 17 
27 2 
27 11 
27 38 
27 1 
27 6 
27 3 
27 1 
27 17 
27 11 
27 2 
27 39 
27 11 
27 2 
27 17 
27 11 
27 1 
27 39 
27 17 
27 11 
27 3 
27 20 
27 17 
27 6 
27 1 
27 39 
27 2 
27 11 
27 21 
27 6 
27 39 
27 11 
27 32 
27 31 
27 2 
27 6 
27 17 
27 53 
27 6 
27 32 
27 6 
27 11 
27 1 
27 32 
27 20 
27 11 
27 2 
27 44 
27 38 
27 1 
27 7 
27 37 
27 11 
27 44 
27 32 
27 2 
27 6 
27 11 
27 38 
27 1 
27 42 
27 6 
27 31 
27 1 
27 23 
27 55 
27 35 
27 38 
27 31 
27 33 
27 23 
27 42 
27 24 
27 17 
27 32 
27 56 
27 55 
27 37 
27 13 
27 9 
27 56 
27 133 
27 55 
27 48 
27 41 
27 48 
27 41 
27 17 
27 17 
27 35 
27 41 
27 35 
27 5 
27 5 
27 15 
27 38 
27 19 
27 31 
27 24 
27 7 
27 43 
27 31 
27 4 
27 17 
27 2 
27 20 
27 1 
27 25 
27 10 
27 7 
27 24 
27 19 
27 4 
27 43 
27 20 
27 17 
27 7 
27 1 
27 37 
27 25 
27 12 
27 4 
27 11 
27 15 
27 17 
27 43 
27 22 
27 35 
27 32 
27 2 
27 17 
27 31 
27 18 
27 23 
27 22 
27 38 
27 56 
27 11 
27 9 
27 39 
27 1 
27 12 
27 32 
27 40 
27 23 
27 18 
27 15 
27 12 
27 31 
27 18 
27 41 
27 22 
27 23 
27 12 
27 31 
27 18 
27 55 
27 56 
27 31 
27 22 
27 41 
27 42 
27 24 
27 39 
27 21 
27 7 
27 41 
27 31 
27 39 
27 7 
27 18 
27 17 
27 56 
27 22 
27 5 
27 43 
27 30 
27 25 
27 11 
27 20 
27 17 
27 20 
27 38 
27 24 
27 52 
27 20 
27 24 
27 41 
27 52 
27 36 
27 20 
27 17 
27 117 
27 20 
27 52 
27 21 
27 17 
27 9 
27 17 
27 21 
27 117 
27 17 
27 9 
27 41 
27 21 
27 17 
27 14 
27 117 
27 41 
27 36 
27 9 
27 1 
27 22 
27 38 
27 18 
27 14 
27 7 
27 40 
27 35 
27 16 
27 41 
27 5 
27 7 
27 55 
27 16 
27 17 
27 22 
27 31 
27 35 
27 40 
27 32 
27 55 
24 15 
24 9 
24 47 
24 14 
24 5 
24 11 
24 27 
24 3 
24 56 
24 8 
24 1 
24 23 
24 22 
24 5 
24 10 
24 47 
24 19 
24 2 
24 25 
24 20 
24 8 
24 21 
24 15 
24 3 
24 4 
24 5 
24 22 
24 61 
24 11 
24 23 
24 47 
24 25 
24 6 
24 2 
24 15 
24 27 
24 22 
24 7 
24 21 
24 56 
24 4 
24 23 
24 25 
24 19 
24 8 
24 10 
24 14 
24 15 
24 9 
24 6 
24 11 
24 19 
24 21 
24 27 
24 22 
24 45 
24 5 
24 25 
24 13 
24 20 
24 9 
24 1 
24 14 
24 17 
24 4 
24 18 
24 9 
24 8 
24 23 
24 22 
24 6 
24 7 
24 12 
24 21 
24 4 
24 45 
24 25 
24 56 
24 19 
24 9 
24 20 
24 7 
24 23 
24 6 
24 13 
24 4 
24 8 
24 18 
24 14 
24 21 
24 56 
24 9 
24 5 
24 48 
24 11 
24 25 
24 26 
24 160 
24 161 
24 76 
24 162 
24 162 
24 76 
24 127 
24 162 
24 76 
24 76 
24 163 
24 76 
24 76 
24 76 
24 33 
24 39 
24 39 
24 39 
24 39 
24 39 
24 39 
24 39 
24 39 
24 39 
24 39 
24 39 
24 20 
24 15 
24 12 
24 31 
24 1 
24 35 
24 17 
24 12 
24 1 
24 32 
24 20 
24 31 
24 36 
24 39 
24 12 
24 33 
24 43 
24 35 
24 1 
24 20 
24 2 
24 17 
24 31 
24 39 
24 35 
24 36 
24 9 
24 33 
24 20 
24 2 
24 12 
24 4 
24 1 
24 13 
24 18 
24 43 
24 2 
24 33 
24 12 
24 35 
24 20 
24 18 
24 38 
24 32 
24 4 
24 11 
24 33 
24 40 
24 12 
24 7 
24 4 
24 33 
24 38 
24 17 
24 1 
24 20 
24 32 
24 12 
24 39 
24 2 
24 11 
24 31 
24 38 
24 4 
24 2 
24 12 
24 32 
24 33 
24 41 
24 17 
24 42 
24 38 
24 20 
24 1 
24 7 
24 43 
24 7 
24 43 
24 2 
24 17 
24 32 
24 11 
24 38 
24 7 
24 18 
24 10 
24 31 
24 2 
24 32 
24 33 
24 4 
24 45 
24 32 
24 43 
24 17 
24 2 
24 11 
24 17 
24 43 
24 31 
24 1 
24 15 
24 2 
24 56 
24 1 
24 11 
24 45 
24 1 
24 7 
24 38 
24 45 
24 11 
24 6 
24 31 
24 42 
24 7 
24 20 
24 6 
24 11 
24 14 
24 55 
24 32 
24 31 
24 35 
24 17 
24 42 
24 49 
24 31 
24 37 
24 10 
24 49 
24 10 
24 5 
24 32 
24 49 
24 39 
24 25 
24 39 
24 15 
24 14 
24 11 
24 14 
24 87 
24 47 
24 35 
24 32 
24 34 
24 15 
24 47 
24 19 
24 25 
24 34 
24 15 
24 32 
24 27 
24 47 
24 38 
24 1 
24 52 
24 38 
24 17 
24 48 
24 52 
24 42 
24 90 
24 27 
24 54 
24 19 
24 15 
24 17 
24 42 
24 10 
24 25 
24 54 
24 1 
24 5 
24 2 
24 15 
24 10 
24 3 
24 19 
24 25 
24 43 
24 11 
24 12 
24 4 
24 55 
24 23 
24 1 
24 12 
24 4 
24 11 
24 22 
24 56 
24 55 
24 12 
24 27 
24 4 
24 22 
24 21 
24 12 
24 56 
24 22 
24 32 
24 21 
24 4 
24 22 
24 56 
24 12 
24 4 
24 21 
24 22 
24 25 
24 39 
24 31 
24 1 
24 42 
24 56 
24 32 
24 27 
24 18 
24 39 
24 25 
24 13 
24 42 
24 23 
24 14 
24 22 
24 30 
24 39 
24 42 
24 3 
24 23 
24 22 
24 48 
24 5 
24 43 
24 42 
24 14 
24 55 
24 57 
24 58 
24 5 
24 11 
24 27 
24 21 
24 36 
24 20 
24 11 
24 27 
24 36 
24 27 
24 117 
24 42 
24 18 
13 9 
13 1 
13 5 
13 12 
13 25 
13 21 
13 8 
13 27 
13 15 
13 22 
13 2 
13 23 
13 11 
13 56 
13 19 
13 7 
13 16 
13 14 
13 4 
13 9 
13 8 
13 3 
13 6 
13 21 
13 10 
13 17 
13 23 
13 25 
13 15 
13 56 
13 9 
13 8 
13 20 
13 3 
13 4 
13 14 
13 47 
13 27 
13 22 
13 17 
13 5 
13 19 
13 11 
13 2 
13 45 
13 15 
13 56 
13 61 
13 12 
13 8 
13 23 
13 24 
13 9 
13 3 
13 17 
13 21 
13 11 
13 19 
13 15 
13 43 
13 5 
13 6 
13 25 
13 27 
13 2 
13 23 
13 22 
13 12 
13 7 
13 17 
13 61 
13 8 
13 56 
13 20 
13 6 
13 4 
13 27 
13 9 
13 19 
13 23 
13 14 
13 11 
13 26 
13 21 
13 22 
13 5 
13 17 
13 6 
13 7 
13 24 
13 4 
13 56 
13 20 
13 8 
13 2 
13 21 
13 27 
13 9 
13 26 
13 45 
13 16 
13 24 
13 25 
13 14 
13 56 
13 4 
13 22 
13 11 
13 27 
13 8 
13 20 
13 19 
13 2 
13 16 
13 23 
13 5 
13 21 
13 14 
13 6 
13 40 
13 8 
13 7 
13 56 
13 4 
13 9 
13 19 
13 26 
13 40 
13 20 
13 23 
13 14 
13 35 
13 56 
13 18 
13 9 
13 4 
13 45 
13 21 
13 27 
13 23 
13 55 
13 6 
13 16 
13 56 
13 7 
13 40 
13 20 
13 26 
13 19 
13 21 
13 4 
13 2 
13 14 
13 23 
13 22 
13 55 
13 7 
13 35 
13 40 
13 16 
13 40 
13 4 
13 23 
13 56 
13 16 
13 22 
13 2 
13 19 
13 55 
13 14 
13 2 
13 40 
13 19 
13 56 
13 14 
13 7 
13 23 
13 9 
13 16 
13 40 
13 22 
13 19 
13 23 
13 56 
13 7 
13 2 
13 40 
13 23 
13 55 
13 16 
13 56 
13 2 
13 22 
13 2 
13 9 
13 9 
13 168 
13 112 
13 168 
13 168 
13 9 
13 9 
13 169 
13 9 
13 9 
13 9 
13 9 
13 9 
13 9 
13 9 
13 9 
13 9 
13 9 
13 170 
13 170 
13 170 
13 170 
13 170 
13 170 
13 170 
13 170 
13 170 
13 170 
13 170 
13 170 
13 170 
13 170 
13 170 
13 170 
13 170 
13 170 
13 170 
13 170 
13 170 
13 170 
13 170 
13 170 
13 18 
13 170 
13 170 
13 170 
13 170 
13 25 
13 35 
13 31 
13 7 
13 39 
13 31 
13 36 
13 125 
13 25 
13 12 
13 2 
13 56 
13 36 
13 38 
13 56 
13 7 
13 20 
13 39 
13 36 
13 38 
13 11 
13 25 
13 7 
13 36 
13 56 
13 39 
13 24 
13 12 
13 4 
13 31 
13 11 
13 25 
13 31 
13 11 
13 17 
13 48 
13 7 
13 31 
13 25 
13 31 
13 33 
13 42 
13 48 
13 30 
13 38 
13 31 
13 11 
13 11 
13 31 
13 42 
13 18 
13 35 
13 11 
13 32 
13 23 
13 35 
13 35 
13 35 
13 27 
13 56 
13 9 
13 37 
13 133 
13 45 
13 9 
13 37 
13 56 
13 55 
13 37 
13 45 
13 133 
13 56 
13 9 
13 45 
13 37 
13 45 
13 37 
13 55 
13 45 
13 9 
13 45 
13 56 
13 55 
13 32 
13 9 
13 14 
13 25 
13 37 
13 43 
13 32 
13 14 
13 42 
13 3 
13 48 
13 17 
13 6 
13 25 
13 11 
13 19 
13 45 
13 32 
13 5 
13 15 
13 3 
13 27 
13 11 
13 47 
13 11 
13 3 
13 9 
13 54 
13 45 
13 5 
13 42 
13 5 
13 24 
13 25 
13 14 
13 3 
13 42 
13 5 
13 23 
13 9 
13 3 
13 55 
13 5 
13 35 
13 55 
13 9 
13 52 
13 5 
13 35 
13 3 
13 22 
13 3 
13 3 
13 22 
13 2 
13 45 
13 59 
13 5 
13 14 
13 18 
13 31 
13 16 
13 41 
13 16 
13 41 
13 22 
13 114 
13 27 
13 7 
13 31 
13 32 
13 9 
16 61 
16 22 
16 21 
16 23 
16 20 
16 13 
16 11 
16 19 
16 25 
16 22 
16 9 
16 14 
16 8 
16 3 
16 10 
16 61 
16 25 
16 20 
16 2 
16 11 
16 5 
16 47 
16 15 
16 19 
16 27 
16 22 
16 1 
16 18 
16 10 
16 2 
16 19 
16 12 
16 27 
16 15 
16 47 
16 4 
16 24 
16 17 
16 7 
16 8 
16 9 
16 12 
16 19 
16 4 
16 14 
16 2 
16 6 
16 27 
16 1 
16 23 
16 11 
16 8 
16 9 
16 7 
16 27 
16 26 
16 14 
16 5 
16 23 
16 8 
16 22 
16 11 
16 45 
16 27 
16 26 
16 24 
16 12 
16 21 
16 14 
16 40 
16 18 
16 4 
16 2 
16 26 
16 20 
16 56 
16 9 
16 13 
16 8 
16 24 
16 5 
16 23 
16 14 
16 21 
16 22 
16 18 
16 40 
16 12 
16 26 
16 19 
16 9 
16 27 
16 22 
16 14 
16 45 
16 56 
16 20 
16 35 
16 123 
16 19 
16 18 
16 21 
16 22 
16 14 
16 12 
16 4 
16 13 
16 9 
16 2 
16 19 
16 26 
16 35 
16 23 
16 56 
16 55 
16 7 
16 4 
16 61 
16 22 
16 35 
16 6 
16 55 
16 23 
16 19 
16 14 
16 56 
16 9 
16 61 
16 22 
16 13 
16 55 
16 4 
16 2 
16 19 
16 14 
16 40 
16 9 
16 23 
16 22 
16 35 
16 4 
16 7 
16 14 
16 9 
16 56 
16 35 
16 22 
16 55 
16 13 
16 56 
16 19 
16 35 
16 14 
16 40 
16 13 
16 2 
16 7 
16 22 
16 9 
16 55 
16 55 
16 55 
16 40 
16 40 
16 40 
16 40 
16 40 
16 55 
16 40 
16 178 
16 55 
16 40 
16 40 
16 40 
16 55 
16 40 
16 40 
16 55 
16 40 
16 40 
16 55 
16 55 
16 179 
16 55 
16 55 
16 55 
16 55 
16 55 
16 55 
16 180 
16 181 
16 55 
16 160 
16 160 
16 160 
16 160 
16 160 
16 160 
16 160 
16 160 
16 160 
16 160 
16 43 
16 34 
16 21 
16 19 
16 43 
16 21 
16 43 
16 50 
16 4 
16 53 
16 4 
16 53 
16 88 
16 15 
16 34 
16 88 
16 4 
16 88 
16 47 
16 51 
16 43 
16 45 
16 43 
16 17 
16 45 
16 17 
16 1 
16 14 
16 45 
16 25 
16 11 
16 53 
16 45 
16 31 
16 24 
16 22 
16 30 
16 47 
16 24 
16 35 
16 14 
16 31 
16 22 
16 59 
16 5 
16 124 
16 42 
16 42 
16 12 
16 182 
16 45 
16 13 
16 22 
16 35 
16 38 
16 13 
16 9 
16 18 
16 2 
16 38 
16 9 
16 35 
16 37 
16 17 
16 40 
16 27 
16 31 
16 32 
16 55 
76 45 
76 25 
76 24 
76 26 
76 24 
76 24 
76 161 
76 24 
76 162 
76 24 
76 127 
76 24 
76 162 
76 24 
76 24 
76 24 
76 14 
76 48 
76 23 
76 33 
76 90 
39 21 
39 24 
39 24 
39 24 
39 24 
39 24 
39 24 
39 24 
39 24 
39 24 
39 24 
39 24 
39 24 
39 24 
39 24 
39 24 
39 24 
39 37 
39 35 
39 7 
39 13 
39 25 
39 56 
39 30 
39 24 
39 12 
39 7 
39 15 
39 17 
39 20 
39 32 
39 13 
39 25 
39 2 
39 1 
39 27 
39 33 
39 58 
39 30 
39 34 
39 9 
39 6 
39 36 
39 7 
39 1 
39 31 
39 27 
39 2 
39 33 
39 17 
39 48 
39 13 
39 34 
39 15 
39 35 
39 12 
39 25 
39 27 
39 7 
39 9 
39 24 
39 20 
39 36 
39 3 
39 6 
39 33 
39 1 
39 7 
39 12 
39 2 
39 27 
39 21 
39 32 
39 33 
39 38 
39 15 
39 17 
39 24 
39 20 
39 7 
39 37 
39 1 
39 12 
39 45 
39 36 
39 34 
39 32 
39 1 
39 6 
39 31 
39 3 
39 12 
39 56 
39 27 
39 17 
39 2 
39 21 
39 20 
39 32 
39 14 
39 37 
39 34 
39 12 
39 17 
39 27 
39 36 
39 48 
39 40 
39 20 
39 15 
39 32 
39 11 
39 2 
39 10 
39 3 
39 6 
39 56 
39 20 
39 10 
39 12 
39 21 
39 11 
39 1 
39 27 
39 25 
39 2 
39 31 
39 48 
39 38 
39 6 
39 3 
39 36 
39 32 
39 37 
39 2 
39 1 
39 11 
39 10 
39 31 
39 20 
39 21 
39 38 
39 37 
39 14 
39 17 
39 2 
39 27 
39 12 
39 20 
39 7 
39 3 
39 6 
39 21 
39 1 
39 48 
39 56 
39 17 
39 11 
39 2 
39 32 
39 31 
39 27 
39 12 
39 37 
39 42 
39 6 
39 27 
39 43 
39 38 
39 18 
39 31 
39 20 
39 37 
39 44 
39 2 
39 21 
39 45 
39 1 
39 10 
39 17 
39 6 
39 21 
39 32 
39 2 
39 27 
39 10 
39 3 
39 30 
39 6 
39 7 
39 23 
39 2 
39 48 
39 17 
39 27 
39 44 
39 43 
39 11 
39 32 
39 18 
39 31 
39 23 
39 2 
39 45 
39 1 
39 3 
39 25 
39 6 
39 38 
39 32 
39 3 
39 11 
39 17 
39 45 
39 44 
39 27 
39 2 
39 33 
39 37 
39 9 
39 21 
39 30 
39 5 
39 18 
39 18 
39 18 
39 9 
39 11 
39 24 
39 9 
39 47 
39 15 
39 19 
39 9 
39 47 
39 11 
39 15 
39 47 
39 15 
39 25 
39 27 
39 47 
39 15 
39 14 
39 19 
39 25 
39 11 
39 14 
39 14 
39 15 
39 3 
39 14 
39 11 
39 14 
39 40 
39 3 
39 25 
39 25 
39 3 
39 55 
39 11 
39 1 
39 31 
39 25 
39 55 
39 27 
39 18 
39 23 
39 22 
39 31 
39 35 
39 55 
39 54 
39 17 
39 56 
39 41 
39 23 
39 38 
39 15 
39 40 
39 20 
39 41 
39 18 
39 23 
39 14 
39 38 
39 40 
39 22 
39 42 
39 12 
39 27 
39 55 
39 31 
39 1 
39 9 
39 46 
39 35 
39 4 
39 22 
39 5 
39 27 
39 18 
39 46 
39 24 
39 38 
39 41 
39 31 
39 25 
39 22 
39 37 
39 27 
39 56 
39 42 
39 31 
39 30 
39 23 
39 41 
39 22 
39 40 
39 35 
39 18 
39 42 
39 27 
39 31 
39 40 
39 24 
39 37 
39 5 
39 7 
39 55 
39 40 
39 30 
39 42 
39 37 
39 24 
39 65 
39 81 
39 42 
39 37 
39 58 
39 45 
47 15 
47 14 
47 5 
47 1 
47 16 
47 3 
47 25 
47 24 
47 13 
47 19 
47 10 
47 21 
47 9 
47 8 
47 7 
47 5 
47 22 
47 11 
47 4 
47 13 
47 56 
47 19 
47 3 
47 15 
47 61 
47 27 
47 23 
47 4 
47 17 
47 21 
47 24 
47 25 
47 8 
47 2 
47 10 
47 9 
47 5 
47 16 
47 3 
47 45 
47 14 
47 18 
47 11 
47 23 
47 27 
47 22 
47 17 
47 15 
47 25 
47 7 
47 43 
47 8 
47 9 
47 20 
47 21 
47 19 
47 4 
47 6 
47 13 
47 56 
47 27 
47 11 
47 10 
47 26 
47 203 
47 15 
47 4 
47 33 
47 36 
47 20 
47 31 
47 13 
47 2 
47 24 
47 4 
47 11 
47 56 
47 31 
47 11 
47 12 
47 11 
47 41 
47 12 
47 4 
47 56 
47 31 
47 31 
47 56 
47 4 
47 31 
47 31 
47 41 
47 38 
47 204 
47 1 
47 11 
47 38 
47 56 
47 25 
47 38 
47 15 
47 32 
47 18 
47 17 
47 2 
47 24 
47 40 
47 14 
47 15 
47 55 
47 31 
47 42 
47 56 
47 38 
47 15 
47 9 
47 39 
47 11 
47 87 
47 19 
47 11 
47 24 
47 32 
47 25 
47 11 
47 39 
47 24 
47 14 
47 39 
47 11 
47 25 
47 15 
47 32 
47 32 
47 19 
47 34 
47 87 
47 25 
47 24 
47 19 
47 24 
47 25 
47 32 
47 15 
47 25 
47 3 
47 19 
47 53 
47 34 
47 16 
47 88 
47 15 
47 16 
47 14 
47 35 
47 9 
47 37 
47 11 
47 14 
47 25 
47 12 
47 32 
47 55 
47 22 
47 23 
47 9 
47 13 
47 22 
47 9 
47 48 
47 11 
47 6 
47 5 
47 55 
47 15 
47 14 
47 18 
47 45 
47 54 
47 5 
47 9 
47 32 
47 15 
47 18 
47 17 
47 48 
47 5 
47 42 
47 6 
47 15 
47 11 
47 17 
47 41 
47 48 
47 32 
47 45 
47 5 
47 42 
47 12 
47 32 
47 15 
47 17 
47 39 
47 42 
47 1 
47 5 
47 23 
47 56 
47 39 
47 22 
47 14 
47 21 
47 25 
47 23 
47 1 
47 57 
47 55 
47 1 
47 57 
47 32 
47 16 
47 22 
47 35 
47 31 
47 16 
47 14 
47 30 
47 35 
47 22 
47 11 
47 100 
47 88 
47 100 
47 22 
47 35 
47 5 
47 42 
47 24 
47 35 
47 27 
47 25 
47 22 
47 48 
47 13 
47 7 
31 206 
31 26 
31 20 
31 23 
31 23 
31 23 
31 23 
31 23 
31 23 
31 132 
31 132 
31 20 
31 23 
31 2 
31 38 
31 1 
31 15 
31 6 
31 14 
31 20 
31 32 
31 3 
31 34 
31 32 
31 48 
31 9 
31 15 
31 1 
31 33 
31 32 
31 20 
31 12 
31 14 
31 25 
31 48 
31 17 
31 1 
31 39 
31 7 
31 24 
31 32 
31 2 
31 125 
31 48 
31 13 
31 9 
31 38 
31 17 
31 20 
31 12 
31 33 
31 1 
31 125 
31 25 
31 34 
31 43 
31 13 
31 2 
31 20 
31 39 
31 17 
31 56 
31 4 
31 9 
31 21 
31 33 
31 7 
31 43 
31 24 
31 12 
31 14 
31 27 
31 4 
31 32 
31 38 
31 7 
31 9 
31 33 
31 39 
31 56 
31 35 
31 40 
31 4 
31 11 
31 14 
31 7 
31 38 
31 1 
31 20 
31 32 
31 43 
31 47 
31 12 
31 34 
31 25 
31 24 
31 38 
31 4 
31 36 
31 9 
31 17 
31 13 
31 39 
31 20 
31 2 
31 11 
31 56 
31 34 
31 1 
31 36 
31 47 
31 10 
31 9 
31 25 
31 43 
31 32 
31 12 
31 24 
31 3 
31 7 
31 39 
31 13 
31 56 
31 9 
31 38 
31 48 
31 32 
31 11 
31 47 
31 12 
31 17 
31 1 
31 9 
31 4 
31 7 
31 13 
31 47 
31 32 
31 43 
31 10 
31 12 
31 11 
31 35 
31 9 
31 36 
31 56 
31 20 
31 4 
31 2 
31 38 
31 33 
31 21 
31 39 
31 25 
31 1 
31 43 
31 48 
31 36 
31 47 
31 12 
31 32 
31 11 
31 7 
31 20 
31 25 
31 14 
31 2 
31 56 
31 36 
31 3 
31 17 
31 25 
31 7 
31 1 
31 20 
31 44 
31 43 
31 11 
31 42 
31 24 
31 17 
31 2 
31 30 
31 39 
31 37 
31 33 
31 7 
31 56 
31 44 
31 3 
31 42 
31 38 
31 43 
31 17 
31 23 
31 30 
31 9 
31 47 
31 2 
31 25 
31 39 
31 33 
31 14 
31 42 
31 6 
31 1 
31 20 
31 44 
31 7 
31 23 
31 17 
31 47 
31 4 
31 42 
31 6 
31 11 
31 38 
31 56 
31 39 
31 17 
31 33 
31 25 
31 20 
31 125 
31 43 
31 7 
31 32 
31 44 
31 15 
31 56 
31 11 
31 23 
31 47 
31 17 
31 32 
31 33 
31 10 
31 56 
31 2 
31 7 
31 38 
31 3 
31 43 
31 23 
31 25 
31 20 
31 24 
31 42 
31 5 
31 30 
31 9 
31 19 
31 35 
31 18 
31 4 
31 9 
31 18 
31 11 
31 24 
31 42 
31 20 
31 7 
31 11 
31 38 
31 47 
31 17 
31 15 
31 14 
31 2 
31 6 
31 40 
31 42 
31 41 
31 7 
31 1 
31 55 
31 56 
31 25 
31 33 
31 14 
31 23 
31 32 
31 27 
31 35 
31 17 
31 37 
31 42 
31 24 
31 47 
31 15 
31 11 
31 33 
31 14 
31 12 
31 52 
31 51 
31 4 
31 54 
31 12 
31 65 
31 14 
31 10 
31 18 
31 34 
31 6 
31 10 
31 19 
31 87 
31 15 
31 6 
31 18 
31 19 
31 65 
31 34 
31 48 
31 42 
31 48 
31 5 
31 49 
31 11 
31 17 
31 17 
31 49 
31 54 
31 1 
31 49 
31 36 
31 21 
31 20 
31 2 
31 48 
31 15 
31 1 
31 49 
31 54 
31 42 
31 5 
31 48 
31 19 
31 4 
31 2 
31 43 
31 10 
31 42 
31 19 
31 24 
31 27 
31 43 
31 21 
31 4 
31 10 
31 20 
31 38 
31 43 
31 7 
31 12 
31 3 
31 1 
31 17 
31 25 
31 10 
31 27 
31 38 
31 2 
31 7 
31 4 
31 12 
31 38 
31 23 
31 15 
31 2 
31 27 
31 43 
31 38 
31 2 
31 35 
31 12 
31 17 
31 22 
31 4 
31 27 
31 40 
31 1 
31 11 
31 20 
31 23 
31 56 
31 27 
31 39 
31 23 
31 18 
31 15 
31 12 
31 20 
31 4 
31 24 
31 27 
31 14 
31 22 
31 23 
31 18 
31 56 
31 12 
31 18 
31 27 
31 23 
31 42 
31 56 
31 22 
31 41 
31 39 
31 27 
31 55 
31 23 
31 23 
31 47 
31 30 
31 35 
31 14 
31 16 
31 30 
31 14 
31 22 
31 14 
31 30 
31 30 
31 14 
31 30 
31 11 
31 22 
31 18 
31 25 
31 14 
31 43 
31 32 
31 14 
31 7 
31 59 
31 5 
31 32 
31 1 
31 43 
31 13 
31 43 
31 32 
31 37 
31 25 
31 16 
31 25 
31 16 
31 37 
31 43 
31 32 
31 25 
31 47 
31 5 
31 40 
31 35 
31 27 
31 43 
31 22 
31 16 
31 32 
31 55 
45 22 
45 2 
45 7 
45 40 
45 9 
45 3 
45 2 
45 27 
45 47 
45 23 
45 4 
45 19 
45 10 
45 11 
45 25 
45 21 
45 22 
45 12 
45 20 
45 24 
45 2 
45 15 
45 47 
45 27 
45 17 
45 43 
45 21 
45 23 
45 10 
45 9 
45 8 
45 12 
45 24 
45 20 
45 2 
45 6 
45 5 
45 11 
45 14 
45 7 
45 4 
45 56 
45 23 
45 25 
45 13 
45 22 
45 17 
45 21 
45 19 
45 26 
45 20 
45 2 
45 6 
45 13 
45 9 
45 21 
45 11 
45 5 
45 24 
45 20 
45 18 
45 22 
45 16 
45 6 
45 40 
45 7 
45 4 
45 27 
45 26 
45 21 
45 14 
45 13 
45 8 
45 9 
45 40 
45 56 
45 27 
45 12 
45 14 
45 22 
45 4 
45 26 
45 21 
45 35 
45 2 
45 23 
45 9 
45 20 
45 16 
45 56 
45 4 
45 18 
45 7 
45 23 
45 27 
45 14 
45 21 
45 6 
45 13 
45 26 
45 35 
45 55 
45 9 
45 17 
45 17 
45 25 
45 56 
45 17 
45 132 
45 38 
45 15 
45 32 
45 2 
45 1 
45 33 
45 39 
45 35 
45 12 
45 15 
45 35 
45 33 
45 20 
45 30 
45 11 
45 39 
45 15 
45 33 
45 20 
45 15 
45 7 
45 39 
45 38 
45 1 
45 18 
45 20 
45 17 
45 15 
45 2 
45 38 
45 43 
45 24 
45 17 
45 21 
45 39 
45 32 
45 2 
45 15 
45 43 
45 39 
45 24 
45 15 
45 39 
45 11 
45 15 
45 1 
45 43 
45 17 
45 33 
45 24 
45 11 
45 15 
45 2 
45 43 
45 1 
45 43 
45 11 
45 1 
45 10 
45 33 
45 43 
45 2 
45 38 
45 15 
45 1 
45 33 
45 23 
45 35 
45 76 
45 17 
45 32 
45 23 
45 4 
45 76 
45 56 
45 1 
45 27 
45 31 
45 35 
45 23 
45 33 
45 41 
45 58 
45 5 
45 12 
45 34 
45 19 
45 1 
45 1 
45 49 
45 56 
45 9 
45 37 
45 13 
45 56 
45 9 
45 37 
45 55 
45 13 
45 133 
45 9 
45 56 
45 13 
45 55 
45 133 
45 56 
45 9 
45 55 
45 37 
45 56 
45 133 
45 13 
45 14 
45 55 
45 37 
45 13 
45 123 
45 9 
45 56 
45 14 
45 32 
45 37 
45 55 
45 9 
45 13 
45 56 
45 37 
45 55 
45 32 
45 3 
45 9 
45 13 
45 11 
45 47 
45 35 
45 55 
45 22 
45 47 
45 11 
45 42 
45 9 
45 13 
45 32 
45 19 
45 48 
45 9 
45 54 
45 6 
45 5 
45 47 
45 18 
45 14 
45 15 
45 12 
45 56 
45 3 
45 9 
45 17 
45 13 
45 15 
45 23 
45 3 
45 55 
45 1 
45 14 
45 25 
45 13 
45 11 
45 54 
45 12 
45 22 
45 41 
45 25 
45 24 
45 12 
45 15 
45 25 
45 3 
45 14 
45 1 
45 17 
45 42 
45 23 
45 47 
45 51 
45 16 
45 1 
45 16 
45 17 
45 25 
45 23 
45 7 
45 43 
45 35 
45 22 
45 16 
45 17 
45 52 
45 38 
45 38 
45 38 
45 38 
45 17 
45 38 
45 38 
45 38 
45 41 
45 17 
45 38 
45 41 
45 17 
45 41 
45 25 
45 39 
20 23 
20 35 
20 9 
20 2 
20 12 
20 61 
20 19 
20 10 
20 16 
20 22 
20 15 
20 27 
20 5 
20 21 
20 56 
20 19 
20 1 
20 25 
20 16 
20 27 
20 47 
20 23 
20 2 
20 13 
20 7 
20 5 
20 15 
20 56 
20 6 
20 19 
20 23 
20 25 
20 8 
20 3 
20 17 
20 11 
20 24 
20 4 
20 22 
20 23 
20 15 
20 10 
20 21 
20 45 
20 47 
20 9 
20 43 
20 56 
20 25 
20 6 
20 17 
20 11 
20 7 
20 4 
20 45 
20 10 
20 22 
20 23 
20 12 
20 1 
20 14 
20 27 
20 17 
20 25 
20 2 
20 21 
20 56 
20 7 
20 13 
20 24 
20 26 
20 22 
20 11 
20 9 
20 8 
20 13 
20 24 
20 5 
20 27 
20 16 
20 14 
20 23 
20 26 
20 9 
20 22 
20 56 
20 21 
20 13 
20 18 
20 6 
20 27 
20 4 
20 16 
20 8 
20 45 
20 9 
20 19 
20 18 
20 40 
20 55 
20 14 
20 22 
20 26 
20 21 
20 23 
20 21 
20 132 
20 132 
20 132 
20 14 
20 9 
20 31 
20 3 
20 1 
20 32 
20 15 
20 2 
20 31 
20 33 
20 12 
20 17 
20 31 
20 9 
20 125 
20 24 
20 2 
20 17 
20 33 
20 39 
20 36 
20 12 
20 32 
20 35 
20 2 
20 1 
20 17 
20 21 
20 32 
20 39 
20 1 
20 2 
20 4 
20 33 
20 3 
20 38 
20 36 
20 30 
20 32 
20 1 
20 4 
20 2 
20 31 
20 43 
20 41 
20 12 
20 33 
20 24 
20 41 
20 31 
20 2 
20 38 
20 39 
20 32 
20 31 
20 2 
20 11 
20 32 
20 1 
20 12 
20 17 
20 32 
20 38 
20 7 
20 43 
20 38 
20 11 
20 2 
20 1 
20 41 
20 31 
20 38 
20 41 
20 1 
20 7 
20 39 
20 11 
20 2 
20 30 
20 33 
20 7 
20 44 
20 38 
20 1 
20 41 
20 17 
20 6 
20 17 
20 39 
20 11 
20 32 
20 41 
20 11 
20 38 
20 31 
20 1 
20 38 
20 32 
20 2 
20 38 
20 41 
20 11 
20 2 
20 44 
20 42 
20 1 
20 2 
20 11 
20 1 
20 38 
20 11 
20 44 
20 43 
20 23 
20 31 
20 7 
20 42 
20 49 
20 23 
20 14 
20 32 
20 31 
20 33 
20 37 
20 35 
20 2 
20 23 
20 38 
20 38 
20 111 
20 49 
20 36 
20 38 
20 2 
20 2 
20 49 
20 36 
20 49 
20 38 
20 7 
20 43 
20 2 
20 4 
20 7 
20 31 
20 38 
20 27 
20 21 
20 1 
20 7 
20 17 
20 38 
20 2 
20 31 
20 35 
20 23 
20 17 
20 2 
20 1 
20 2 
20 40 
20 22 
20 27 
20 22 
20 55 
20 22 
20 31 
20 39 
20 21 
20 27 
20 17 
20 21 
20 38 
20 38 
20 27 
20 52 
20 13 
20 21 
20 117 
20 27 
20 21 
20 17 
20 117 
20 36 
20 52 
20 11 
20 56 
20 2 
20 56 
61 25 
61 43 
61 17 
61 19 
61 8 
61 15 
61 13 
61 23 
61 11 
61 12 
61 5 
61 27 
61 22 
61 16 
61 14 
61 20 
61 25 
61 8 
61 56 
61 4 
61 19 
61 21 
61 10 
61 17 
61 22 
61 24 
61 47 
61 25 
61 15 
61 2 
61 20 
61 9 
61 22 
61 23 
61 27 
61 21 
61 24 
61 19 
61 7 
61 13 
61 3 
61 25 
61 24 
61 9 
61 8 
61 56 
61 45 
61 6 
61 11 
61 19 
61 8 
61 2 
61 17 
61 7 
61 25 
61 56 
61 23 
61 21 
61 13 
61 9 
61 11 
61 19 
61 5 
61 27 
61 7 
61 26 
61 4 
61 12 
61 23 
61 2 
61 27 
61 19 
61 14 
61 23 
61 2 
61 55 
61 12 
61 56 
61 21 
61 26 
61 4 
61 9 
61 35 
61 23 
61 19 
61 2 
61 22 
61 40 
61 56 
61 16 
61 7 
61 23 
61 55 
61 19 
61 2 
61 56 
61 22 
61 9 
61 40 
61 13 
61 14 
61 4 
61 209 
61 131 
61 25 
61 131 
61 25 
61 25 
61 25 
61 25 
61 25 
61 25 
61 25 
61 25 
61 25 
11 19 
11 45 
11 40 
11 16 
11 13 
11 61 
11 22 
11 8 
11 14 
11 12 
11 23 
11 15 
11 21 
11 5 
11 25 
11 3 
11 16 
11 13 
11 10 
11 61 
11 17 
11 8 
11 7 
11 9 
11 1 
11 22 
11 3 
11 8 
11 24 
11 23 
11 21 
11 45 
11 20 
11 15 
11 10 
11 5 
11 2 
11 27 
11 47 
11 6 
11 20 
11 25 
11 56 
11 43 
11 7 
11 3 
11 14 
11 19 
11 4 
11 22 
11 18 
11 5 
11 2 
11 10 
11 17 
11 20 
11 1 
11 16 
11 6 
11 9 
11 13 
11 24 
11 4 
11 26 
11 23 
11 19 
11 1 
11 22 
11 12 
11 17 
11 18 
11 9 
11 13 
11 8 
11 14 
11 25 
11 23 
11 26 
11 6 
11 5 
11 7 
11 27 
11 19 
11 21 
11 2 
11 61 
11 22 
11 8 
11 13 
11 4 
11 16 
11 14 
11 25 
11 5 
11 20 
11 7 
11 6 
11 23 
11 56 
11 19 
11 27 
11 12 
11 26 
11 16 
11 13 
11 9 
11 61 
11 21 
11 48 
11 25 
11 55 
11 48 
11 1 
11 2 
11 14 
11 9 
11 3 
11 21 
11 32 
11 39 
11 17 
11 37 
11 2 
11 30 
11 6 
11 31 
11 7 
11 35 
11 34 
11 4 
11 9 
11 13 
11 32 
11 15 
11 41 
11 36 
11 38 
11 10 
11 31 
11 3 
11 2 
11 7 
11 36 
11 37 
11 43 
11 1 
11 6 
11 39 
11 21 
11 2 
11 38 
11 31 
11 48 
11 32 
11 39 
11 12 
11 36 
11 25 
11 7 
11 20 
11 38 
11 4 
11 9 
11 15 
11 2 
11 1 
11 17 
11 35 
11 33 
11 48 
11 6 
11 12 
11 47 
11 41 
11 21 
11 31 
11 24 
11 32 
11 10 
11 17 
11 40 
11 1 
11 6 
11 36 
11 38 
11 25 
11 9 
11 14 
11 24 
11 48 
11 41 
11 56 
11 17 
11 2 
11 39 
11 38 
11 13 
11 36 
11 32 
11 7 
11 6 
11 20 
11 56 
11 38 
11 10 
11 39 
11 32 
11 27 
11 48 
11 9 
11 31 
11 1 
11 20 
11 2 
11 7 
11 32 
11 3 
11 6 
11 39 
11 37 
11 30 
11 27 
11 17 
11 44 
11 38 
11 33 
11 56 
11 32 
11 21 
11 9 
11 7 
11 20 
11 1 
11 2 
11 17 
11 33 
11 10 
11 56 
11 31 
11 15 
11 43 
11 6 
11 41 
11 32 
11 56 
11 17 
11 39 
11 48 
11 42 
11 1 
11 38 
11 33 
11 2 
11 43 
11 31 
11 44 
11 53 
11 24 
11 56 
11 3 
11 17 
11 15 
11 45 
11 1 
11 31 
11 3 
11 6 
11 2 
11 1 
11 45 
11 25 
11 24 
11 38 
11 21 
11 18 
11 10 
11 14 
11 37 
11 33 
11 27 
11 44 
11 7 
11 2 
11 37 
11 56 
11 1 
11 38 
11 21 
11 32 
11 23 
11 37 
11 14 
11 7 
11 2 
11 15 
11 44 
11 38 
11 33 
11 20 
11 32 
11 21 
11 27 
11 7 
11 6 
11 56 
11 13 
11 44 
11 2 
11 23 
11 33 
11 1 
11 38 
11 27 
11 42 
11 20 
11 10 
11 37 
11 32 
11 14 
11 7 
11 42 
11 2 
11 6 
11 15 
11 27 
11 38 
11 33 
11 1 
11 2 
11 27 
11 37 
11 6 
11 3 
11 44 
11 20 
11 33 
11 17 
11 19 
11 46 
11 18 
11 13 
11 37 
11 6 
11 7 
11 23 
11 38 
11 49 
11 42 
11 15 
11 39 
11 47 
11 19 
11 42 
11 9 
11 15 
11 19 
11 39 
11 15 
11 35 
11 17 
11 15 
11 87 
11 41 
11 35 
11 25 
11 122 
11 53 
11 48 
11 41 
11 27 
11 17 
11 15 
11 14 
11 19 
11 24 
11 53 
11 35 
11 25 
11 17 
11 14 
11 39 
11 49 
11 14 
11 38 
11 17 
11 90 
11 31 
11 14 
11 5 
11 49 
11 3 
11 5 
11 27 
11 41 
11 25 
11 3 
11 19 
11 133 
11 14 
11 40 
11 19 
11 15 
11 39 
11 14 
11 40 
11 3 
11 14 
11 15 
11 27 
11 20 
11 14 
11 21 
11 41 
11 3 
11 25 
11 41 
11 9 
11 39 
11 55 
11 14 
11 41 
11 17 
11 90 
11 22 
11 1 
11 25 
11 10 
11 42 
11 13 
11 6 
11 14 
11 48 
11 19 
11 15 
11 54 
11 45 
11 5 
11 25 
11 32 
11 55 
11 13 
11 48 
11 47 
11 17 
11 18 
11 24 
11 54 
11 35 
11 27 
11 25 
11 14 
11 37 
11 12 
11 3 
11 56 
11 9 
11 55 
11 23 
11 5 
11 15 
11 45 
11 17 
11 14 
11 12 
11 54 
11 1 
11 25 
11 32 
11 3 
11 56 
11 16 
11 20 
11 43 
11 56 
11 20 
11 25 
11 47 
11 56 
11 9 
11 21 
11 56 
11 45 
11 21 
11 16 
11 30 
11 56 
11 22 
11 24 
11 45 
11 25 
11 24 
11 56 
11 22 
11 22 
11 31 
11 24 
11 16 
11 52 
11 24 
11 13 
11 22 
11 56 
11 2 
11 55 
11 9 
11 22 
11 47 
11 2 
11 22 
11 124 
11 56 
11 20 
11 9 
11 42 
11 2 
11 56 
11 2 
11 22 
11 9 
11 30 
11 9 
11 14 
11 22 
11 56 
11 14 
11 41 
11 38 
11 1 
11 56 
11 56 
11 17 
11 56 
10 23 
10 7 
10 8 
10 43 
10 16 
10 25 
10 22 
10 17 
10 45 
10 48 
10 14 
10 9 
10 13 
10 15 
10 22 
10 12 
10 20 
10 5 
10 56 
10 18 
10 23 
10 2 
10 6 
10 7 
10 25 
10 3 
10 11 
10 8 
10 47 
10 4 
10 15 
10 27 
10 35 
10 13 
10 7 
10 21 
10 15 
10 12 
10 16 
10 47 
10 3 
10 8 
10 1 
10 19 
10 18 
10 13 
10 17 
10 5 
10 24 
10 20 
10 47 
10 56 
10 45 
10 9 
10 22 
10 7 
10 3 
10 27 
10 19 
10 2 
10 21 
10 23 
10 17 
10 5 
10 25 
10 18 
10 24 
10 8 
10 48 
10 43 
10 21 
10 43 
10 43 
10 37 
10 43 
10 43 
10 43 
10 43 
10 43 
10 43 
10 43 
10 21 
10 43 
10 43 
10 43 
10 21 
10 21 
10 43 
10 21 
10 43 
10 115 
10 21 
10 43 
10 115 
10 21 
10 12 
10 21 
10 43 
10 21 
10 43 
10 39 
10 35 
10 38 
10 11 
10 43 
10 35 
10 31 
10 11 
10 39 
10 32 
10 35 
10 31 
10 38 
10 43 
10 11 
10 12 
10 24 
10 31 
10 35 
10 11 
10 31 
10 11 
10 33 
10 12 
10 39 
10 11 
10 1 
10 1 
10 31 
10 39 
10 17 
10 11 
10 24 
10 33 
10 31 
10 24 
10 21 
10 11 
10 21 
10 43 
10 21 
10 38 
10 43 
10 45 
10 35 
10 47 
10 17 
10 1 
10 15 
10 39 
10 19 
10 1 
10 5 
10 31 
10 6 
10 18 
10 34 
10 18 
10 34 
10 6 
10 34 
10 18 
10 34 
10 18 
10 6 
10 2 
10 43 
10 2 
10 24 
10 15 
10 17 
10 3 
10 27 
10 43 
10 25 
10 7 
10 17 
10 43 
10 56 
10 27 
10 12 
10 38 
10 43 
10 43 
26 24 
26 9 
26 4 
26 7 
26 56 
26 6 
26 5 
26 27 
26 2 
26 17 
26 22 
26 12 
26 45 
26 11 
26 27 
26 6 
26 23 
26 19 
26 14 
26 25 
26 2 
26 61 
26 24 
26 8 
26 5 
26 20 
26 16 
26 22 
26 7 
26 18 
26 13 
26 40 
26 24 
26 4 
26 14 
26 18 
26 8 
26 25 
26 55 
26 9 
26 56 
26 6 
26 16 
26 20 
26 22 
26 23 
26 45 
26 2 
26 35 
26 27 
26 12 
26 18 
26 123 
26 19 
26 55 
26 9 
26 4 
26 13 
26 16 
26 40 
26 61 
26 20 
26 6 
26 21 
26 8 
26 5 
26 25 
26 24 
26 25 
26 25 
26 25 
26 25 
26 25 
26 25 
26 15 
26 42 
26 14 
26 14 
26 14 
26 14 
26 14 
26 14 
26 14 
26 14 
26 14 
26 14 
14 13 
14 1 
14 3 
14 24 
14 9 
14 5 
14 8 
14 10 
14 61 
14 21 
14 23 
14 16 
14 35 
14 27 
14 25 
14 11 
14 17 
14 15 
14 56 
14 3 
14 27 
14 22 
14 1 
14 15 
14 12 
14 11 
14 56 
14 13 
14 23 
14 19 
14 18 
14 27 
14 5 
14 8 
14 56 
14 11 
14 6 
14 4 
14 45 
14 47 
14 16 
14 9 
14 15 
14 10 
14 22 
14 25 
14 18 
14 23 
14 27 
14 2 
14 21 
14 11 
14 19 
14 20 
14 5 
14 8 
14 9 
14 25 
14 11 
14 18 
14 13 
14 56 
14 7 
14 17 
14 21 
14 16 
14 27 
14 6 
14 26 
14 24 
14 9 
14 7 
14 56 
14 8 
14 4 
14 12 
14 45 
14 22 
14 27 
14 23 
14 21 
14 61 
14 26 
14 56 
14 24 
14 11 
14 6 
14 7 
14 5 
14 19 
14 8 
14 13 
14 9 
14 25 
14 40 
14 2 
14 56 
14 20 
14 12 
14 22 
14 61 
14 4 
14 21 
14 27 
14 9 
14 8 
14 23 
14 35 
14 12 
14 22 
14 21 
14 16 
14 45 
14 7 
14 26 
14 4 
14 21 
14 2 
14 6 
14 9 
14 13 
14 7 
14 56 
14 40 
14 16 
14 4 
14 55 
14 2 
14 35 
14 9 
14 61 
14 19 
14 40 
14 6 
14 13 
14 23 
14 18 
14 4 
14 16 
14 55 
14 7 
14 22 
14 35 
14 9 
14 13 
14 2 
14 4 
14 22 
14 35 
14 23 
14 16 
14 55 
14 9 
14 7 
14 40 
14 56 
14 13 
14 35 
14 2 
14 16 
14 22 
14 9 
14 19 
14 8 
14 5 
14 7 
14 17 
14 7 
14 35 
14 112 
14 21 
14 40 
14 56 
14 21 
14 112 
14 7 
14 40 
14 40 
14 12 
14 112 
14 21 
14 7 
14 21 
14 7 
14 21 
14 21 
14 21 
14 21 
14 7 
14 21 
14 21 
14 7 
14 7 
14 214 
14 21 
14 214 
14 7 
14 21 
14 7 
14 215 
14 215 
14 7 
14 118 
14 162 
14 216 
14 162 
14 163 
14 21 
14 7 
14 21 
14 7 
14 21 
14 56 
14 21 
14 21 
14 21 
14 56 
14 56 
14 21 
14 56 
14 56 
14 7 
14 21 
14 26 
14 26 
14 26 
14 26 
14 26 
14 26 
14 26 
14 26 
14 26 
14 26 
14 26 
14 26 
14 26 
14 26 
14 26 
14 26 
14 26 
14 33 
14 76 
14 76 
14 76 
14 18 
14 25 
14 32 
14 20 
14 33 
14 2 
14 34 
14 31 
14 17 
14 31 
14 39 
14 39 
14 31 
14 38 
14 31 
14 39 
14 2 
14 39 
14 11 
14 36 
14 12 
14 31 
14 11 
14 2 
14 48 
14 31 
14 31 
14 11 
14 36 
14 39 
14 31 
14 1 
14 31 
14 44 
14 38 
14 32 
14 11 
14 1 
14 7 
14 31 
14 39 
14 11 
14 39 
14 32 
14 7 
14 11 
14 38 
14 11 
14 23 
14 11 
14 11 
14 42 
14 38 
14 2 
14 15 
14 24 
14 7 
14 49 
14 38 
14 42 
14 47 
14 27 
14 1 
14 7 
14 15 
14 31 
14 40 
14 24 
14 23 
14 55 
14 18 
14 35 
14 56 
14 31 
14 33 
14 1 
14 7 
14 25 
14 2 
14 13 
14 31 
14 5 
14 45 
14 43 
14 39 
14 65 
14 6 
14 31 
14 34 
14 6 
14 55 
14 24 
14 15 
14 47 
14 38 
14 25 
14 39 
14 24 
14 42 
14 11 
14 39 
14 18 
14 31 
14 17 
14 39 
14 18 
14 6 
14 19 
14 25 
14 24 
14 34 
14 25 
14 11 
14 39 
14 45 
14 39 
14 11 
14 32 
14 56 
14 25 
14 45 
14 31 
14 49 
14 11 
14 38 
14 24 
14 35 
14 3 
14 9 
14 55 
14 45 
14 12 
14 90 
14 40 
14 35 
14 22 
14 47 
14 56 
14 2 
14 32 
14 23 
14 17 
14 5 
14 25 
14 11 
14 9 
14 6 
14 55 
14 47 
14 22 
14 17 
14 32 
14 46 
14 11 
14 9 
14 48 
14 45 
14 15 
14 42 
14 5 
14 18 
14 47 
14 54 
14 12 
14 45 
14 4 
14 11 
14 3 
14 45 
14 54 
14 3 
14 15 
14 47 
14 12 
14 37 
14 9 
14 5 
14 24 
14 22 
14 12 
14 27 
14 56 
14 5 
14 22 
14 47 
14 13 
14 25 
14 3 
14 42 
14 24 
14 22 
14 23 
14 1 
14 41 
14 22 
14 35 
14 47 
14 17 
14 7 
14 54 
14 35 
14 18 
14 22 
14 45 
14 5 
14 42 
14 11 
14 22 
14 30 
14 47 
14 16 
14 31 
14 35 
14 16 
14 31 
14 30 
14 22 
14 30 
14 31 
14 31 
14 124 
14 30 
14 18 
14 11 
14 2 
14 22 
14 5 
14 55 
14 7 
14 2 
14 59 
14 7 
14 31 
14 117 
14 27 
14 21 
14 7 
14 22 
14 43 
14 22 
14 5 
14 7 
14 47 
14 48 
48 22 
48 40 
48 10 
48 40 
48 25 
48 5 
48 8 
48 5 
48 8 
48 25 
48 5 
48 4 
48 19 
48 14 
48 27 
48 23 
48 76 
48 76 
48 76 
48 76 
48 76 
48 76 
48 76 
48 76 
48 76 
48 76 
48 76 
48 76 
48 76 
48 76 
48 76 
48 76 
48 76 
48 76 
48 76 
48 76 
48 76 
48 76 
48 76 
48 76 
48 76 
48 76 
48 76 
48 76 
48 76 
48 76 
48 76 
48 76 
48 76 
48 76 
48 76 
48 76 
48 76 
48 76 
48 76 
48 76 
48 76 
48 9 
48 35 
48 34 
48 2 
48 31 
48 36 
48 32 
48 17 
48 39 
48 31 
48 36 
48 32 
48 36 
48 36 
48 38 
48 11 
48 32 
48 31 
48 36 
48 39 
48 3 
48 36 
48 32 
48 38 
48 12 
48 7 
48 4 
48 38 
48 39 
48 11 
48 2 
48 17 
48 36 
48 11 
48 56 
48 2 
48 17 
48 39 
48 12 
48 36 
48 31 
48 39 
48 11 
48 17 
48 38 
48 7 
48 11 
48 38 
48 39 
48 42 
48 12 
48 46 
48 17 
48 12 
48 17 
48 52 
48 19 
48 36 
48 65 
48 35 
48 21 
48 65 
48 58 
48 5 
48 35 
48 38 
48 23 
48 17 
48 6 
48 37 
48 25 
48 41 
48 1 
48 33 
48 1 
48 42 
48 11 
48 27 
48 41 
48 11 
48 27 
48 49 
48 25 
48 31 
48 38 
48 31 
48 24 
48 49 
48 31 
48 17 
48 38 
48 24 
48 7 
48 52 
48 17 
48 46 
48 31 
48 36 
48 19 
48 54 
48 6 
48 24 
48 12 
48 42 
48 5 
48 25 
48 13 
48 32 
48 9 
48 6 
48 14 
48 45 
48 47 
48 46 
48 5 
48 55 
48 47 
48 42 
48 22 
48 5 
48 47 
48 42 
48 23 
48 47 
48 5 
48 14 
48 1 
48 54 
48 56 
48 54 
48 7 
48 57 
48 100 
48 76 
48 22 
48 7 
48 55 
48 14 
15 13 
15 9 
15 25 
15 1 
15 8 
15 47 
15 11 
15 5 
15 24 
15 21 
15 23 
15 1 
15 14 
15 3 
15 8 
15 2 
15 27 
15 10 
15 7 
15 22 
15 56 
15 11 
15 1 
15 5 
15 16 
15 24 
15 3 
15 61 
15 19 
15 20 
15 25 
15 4 
15 47 
15 22 
15 2 
15 7 
15 3 
15 13 
15 8 
15 9 
15 6 
15 19 
15 23 
15 17 
15 12 
15 10 
15 11 
15 22 
15 43 
15 3 
15 7 
15 24 
15 56 
15 21 
15 25 
15 19 
15 17 
15 27 
15 6 
15 8 
15 203 
15 47 
15 3 
15 3 
15 3 
15 25 
15 26 
15 233 
15 138 
15 233 
15 138 
15 233 
15 138 
15 187 
15 234 
15 1 
15 1 
15 1 
15 1 
15 1 
15 1 
15 1 
15 1 
15 1 
15 3 
15 1 
15 1 
15 1 
15 1 
15 1 
15 1 
15 1 
15 1 
15 1 
15 1 
15 1 
15 1 
15 1 
15 1 
15 1 
15 1 
15 1 
15 3 
15 3 
15 1 
15 31 
15 32 
15 2 
15 34 
15 1 
15 3 
15 20 
15 1 
15 12 
15 32 
15 17 
15 30 
15 39 
15 33 
15 20 
15 36 
15 17 
15 12 
15 45 
15 1 
15 20 
15 30 
15 38 
15 2 
15 20 
15 1 
15 33 
15 11 
15 20 
15 1 
15 38 
15 43 
15 45 
15 39 
15 12 
15 38 
15 12 
15 2 
15 32 
15 17 
15 32 
15 38 
15 12 
15 1 
15 45 
15 17 
15 30 
15 12 
15 11 
15 32 
15 45 
15 2 
15 43 
15 20 
15 38 
15 2 
15 11 
15 38 
15 1 
15 17 
15 43 
15 11 
15 1 
15 38 
15 2 
15 43 
15 45 
15 11 
15 33 
15 38 
15 11 
15 33 
15 2 
15 20 
15 11 
15 20 
15 1 
15 1 
15 33 
15 43 
15 1 
15 32 
15 6 
15 38 
15 1 
15 18 
15 2 
15 17 
15 14 
15 38 
15 40 
15 7 
15 49 
15 24 
15 31 
15 17 
15 55 
15 42 
15 11 
15 39 
15 9 
15 47 
15 11 
15 19 
15 1 
15 24 
15 49 
15 39 
15 47 
15 17 
15 25 
15 11 
15 31 
15 47 
15 39 
15 24 
15 11 
15 25 
15 14 
15 32 
15 19 
15 31 
15 34 
15 24 
15 34 
15 87 
15 24 
15 25 
15 32 
15 19 
15 3 
15 47 
15 25 
15 11 
15 49 
15 5 
15 90 
15 54 
15 47 
15 4 
15 42 
15 48 
15 52 
15 24 
15 17 
15 11 
15 25 
15 4 
15 88 
15 1 
15 27 
15 38 
15 25 
15 24 
15 20 
15 42 
15 7 
15 25 
15 3 
15 43 
15 31 
15 2 
15 14 
15 5 
15 17 
15 12 
15 13 
15 25 
15 7 
15 19 
15 3 
15 56 
15 5 
15 27 
15 45 
15 9 
15 11 
15 13 
15 25 
15 14 
15 32 
15 56 
15 5 
15 6 
15 12 
15 27 
15 43 
15 4 
15 25 
15 5 
15 9 
15 32 
15 22 
15 55 
15 18 
15 56 
15 47 
15 5 
15 54 
15 37 
15 11 
15 55 
15 42 
15 32 
15 1 
15 47 
15 27 
15 22 
15 31 
15 42 
15 54 
15 23 
15 5 
15 39 
15 55 
15 25 
15 17 
15 12 
15 32 
15 45 
15 37 
15 56 
15 25 
15 3 
15 47 
15 22 
15 32 
15 14 
15 12 
15 182 
15 114 
19 27 
19 2 
19 11 
19 23 
19 5 
19 56 
19 14 
19 15 
19 22 
19 10 
19 12 
19 9 
19 56 
19 25 
19 15 
19 16 
19 21 
19 24 
19 2 
19 23 
19 3 
19 12 
19 1 
19 27 
19 11 
19 20 
19 8 
19 5 
19 10 
19 47 
19 15 
19 4 
19 21 
19 24 
19 17 
19 11 
19 6 
19 56 
19 8 
19 2 
19 5 
19 22 
19 45 
19 9 
19 20 
19 24 
19 23 
19 43 
19 6 
19 25 
19 21 
19 27 
19 2 
19 8 
19 11 
19 4 
19 45 
19 5 
19 23 
19 26 
19 56 
19 7 
19 20 
19 9 
19 6 
19 14 
19 22 
19 16 
19 17 
19 13 
19 61 
19 4 
19 24 
19 27 
19 8 
19 1 
19 5 
19 11 
19 18 
19 2 
19 20 
19 21 
19 12 
19 9 
19 14 
19 4 
19 13 
19 25 
19 26 
19 11 
19 5 
19 8 
19 27 
19 35 
19 7 
19 20 
19 6 
19 9 
19 4 
19 23 
19 16 
19 14 
19 22 
19 12 
19 56 
19 27 
19 25 
19 35 
19 7 
19 6 
19 26 
19 61 
19 4 
19 2 
19 18 
19 22 
19 14 
19 16 
19 23 
19 9 
19 12 
19 21 
19 13 
19 27 
19 20 
19 35 
19 56 
19 8 
19 18 
19 13 
19 20 
19 4 
19 26 
19 22 
19 16 
19 21 
19 14 
19 40 
19 2 
19 7 
19 56 
19 55 
19 9 
19 13 
19 6 
19 18 
19 2 
19 22 
19 14 
19 4 
19 16 
19 35 
19 56 
19 7 
19 27 
19 23 
19 13 
19 35 
19 18 
19 40 
19 56 
19 55 
19 2 
19 22 
19 16 
19 13 
19 9 
19 4 
19 23 
19 35 
19 14 
19 2 
19 55 
19 7 
19 35 
19 56 
19 13 
19 40 
19 16 
19 22 
19 9 
19 55 
19 2 
19 48 
19 5 
19 14 
19 17 
19 5 
19 52 
19 65 
19 12 
19 36 
19 48 
19 35 
19 31 
19 45 
19 42 
19 32 
19 24 
19 55 
19 34 
19 65 
19 21 
19 58 
19 47 
19 9 
19 39 
19 15 
19 87 
19 55 
19 33 
19 7 
19 38 
19 21 
19 16 
19 34 
19 43 
19 50 
19 21 
19 52 
19 54 
19 51 
19 12 
19 7 
19 49 
19 33 
19 25 
19 47 
19 32 
19 31 
19 31 
19 47 
19 34 
19 31 
19 87 
19 25 
19 47 
19 32 
19 34 
19 24 
19 25 
19 32 
19 47 
19 34 
19 11 
19 39 
19 15 
19 3 
19 18 
19 25 
19 6 
19 35 
19 40 
19 35 
19 48 
19 5 
19 2 
19 6 
19 54 
19 15 
19 24 
19 42 
19 12 
19 25 
19 3 
19 5 
19 31 
19 25 
19 38 
19 24 
19 15 
19 12 
19 1 
19 12 
19 43 
19 17 
19 5 
19 3 
19 24 
19 54 
19 15 
19 5 
19 12 
19 25 
19 9 
19 31 
19 3 
6 8 
6 20 
6 19 
6 11 
6 12 
6 16 
6 25 
6 24 
6 9 
6 5 
6 35 
6 23 
6 1 
6 22 
6 15 
6 47 
6 2 
6 10 
6 3 
6 7 
6 8 
6 5 
6 25 
6 21 
6 19 
6 9 
6 18 
6 11 
6 45 
6 4 
6 61 
6 24 
6 5 
6 17 
6 27 
6 10 
6 22 
6 12 
6 4 
6 2 
6 47 
6 45 
6 23 
6 8 
6 19 
6 18 
6 13 
6 16 
6 10 
6 21 
6 56 
6 15 
6 5 
6 14 
6 43 
6 22 
6 47 
6 17 
6 20 
6 1 
6 24 
6 27 
6 19 
6 11 
6 7 
6 25 
6 8 
6 5 
6 21 
6 20 
6 24 
6 1 
6 45 
6 12 
6 22 
6 26 
6 27 
6 14 
6 4 
6 24 
6 19 
6 45 
6 20 
6 11 
6 22 
6 12 
6 16 
6 5 
6 13 
6 18 
6 24 
6 8 
6 26 
6 27 
6 56 
6 21 
6 14 
6 19 
6 7 
6 12 
6 20 
6 45 
6 2 
6 23 
6 16 
6 18 
6 7 
6 9 
6 19 
6 20 
6 2 
6 40 
6 13 
6 21 
6 16 
6 35 
6 22 
6 9 
6 2 
6 4 
6 18 
6 19 
6 56 
6 14 
6 55 
6 23 
6 9 
6 236 
6 236 
6 236 
6 236 
6 80 
6 80 
6 236 
6 237 
6 33 
6 14 
6 20 
6 2 
6 31 
6 27 
6 20 
6 27 
6 39 
6 20 
6 2 
6 17 
6 31 
6 39 
6 17 
6 31 
6 17 
6 38 
6 3 
6 37 
6 20 
6 39 
6 3 
6 27 
6 11 
6 2 
6 20 
6 12 
6 17 
6 32 
6 38 
6 27 
6 20 
6 38 
6 11 
6 39 
6 2 
6 38 
6 39 
6 11 
6 21 
6 12 
6 32 
6 20 
6 1 
6 27 
6 17 
6 39 
6 3 
6 1 
6 38 
6 17 
6 27 
6 38 
6 11 
6 39 
6 44 
6 38 
6 11 
6 1 
6 39 
6 31 
6 17 
6 27 
6 1 
6 11 
6 15 
6 11 
6 27 
6 32 
6 11 
6 38 
6 27 
6 37 
6 2 
6 11 
6 25 
6 47 
6 7 
6 35 
6 13 
6 20 
6 49 
6 38 
6 14 
6 2 
6 15 
6 31 
6 43 
6 12 
6 21 
6 33 
6 38 
6 19 
6 18 
6 10 
6 31 
6 14 
6 34 
6 18 
6 18 
6 31 
6 18 
6 19 
6 34 
6 19 
6 10 
6 18 
6 43 
6 48 
6 7 
6 36 
6 20 
6 21 
6 42 
6 19 
6 48 
6 5 
6 25 
6 24 
6 54 
6 32 
6 25 
6 13 
6 12 
6 3 
6 11 
6 48 
6 32 
6 5 
6 11 
6 14 
6 45 
6 15 
6 9 
6 5 
6 47 
6 17 
6 42 
6 5 
6 11 
6 80 
35 19 
35 11 
35 22 
35 23 
35 20 
35 10 
35 40 
35 22 
35 12 
35 55 
35 40 
35 55 
35 55 
35 11 
35 45 
35 23 
35 61 
35 56 
35 16 
35 19 
35 14 
35 26 
35 2 
35 23 
35 7 
35 9 
35 20 
35 4 
35 16 
35 61 
35 14 
35 21 
35 56 
35 12 
35 27 
35 45 
35 22 
35 13 
35 4 
35 19 
35 26 
35 2 
35 16 
35 9 
35 7 
35 40 
35 56 
35 14 
35 19 
35 6 
35 23 
35 2 
35 61 
35 7 
35 18 
35 16 
35 56 
35 13 
35 22 
35 14 
35 2 
35 55 
35 7 
35 40 
35 61 
35 22 
35 19 
35 14 
35 40 
35 16 
35 9 
35 56 
35 7 
35 55 
35 19 
35 9 
35 13 
35 16 
35 23 
35 14 
35 16 
35 55 
35 22 
35 7 
35 13 
35 2 
35 56 
35 40 
35 9 
35 16 
35 112 
35 7 
35 4 
35 4 
35 4 
35 4 
35 4 
35 4 
35 4 
35 4 
35 4 
35 4 
35 4 
35 4 
35 4 
35 4 
35 4 
35 4 
35 4 
35 4 
35 4 
35 4 
35 4 
35 4 
35 4 
35 4 
35 4 
35 4 
35 4 
35 4 
35 4 
35 4 
35 65 
35 25 
35 132 
35 38 
35 25 
35 56 
35 17 
35 7 
35 38 
35 33 
35 39 
35 25 
35 58 
35 15 
35 20 
35 32 
35 2 
35 36 
35 12 
35 1 
35 39 
35 36 
35 24 
35 12 
35 32 
35 39 
35 58 
35 2 
35 4 
35 1 
35 36 
35 31 
35 32 
35 12 
35 15 
35 43 
35 1 
35 10 
35 18 
35 20 
35 38 
35 2 
35 12 
35 24 
35 10 
35 1 
35 40 
35 36 
35 32 
35 31 
35 10 
35 1 
35 20 
35 43 
35 15 
35 18 
35 2 
35 39 
35 32 
35 17 
35 1 
35 38 
35 7 
35 33 
35 12 
35 43 
35 17 
35 40 
35 10 
35 31 
35 9 
35 17 
35 18 
35 31 
35 5 
35 12 
35 65 
35 36 
35 48 
35 42 
35 18 
35 11 
35 37 
35 56 
35 41 
35 4 
35 13 
35 47 
35 15 
35 6 
35 32 
35 31 
35 55 
35 41 
35 23 
35 27 
35 31 
35 25 
35 33 
35 13 
35 41 
35 1 
35 32 
35 24 
35 49 
35 11 
35 41 
35 11 
35 41 
35 41 
35 27 
35 17 
35 53 
35 27 
35 27 
35 41 
35 27 
35 41 
35 5 
35 122 
35 9 
35 55 
35 37 
35 45 
35 41 
35 32 
35 3 
35 25 
35 14 
35 45 
35 47 
35 14 
35 55 
35 9 
35 11 
35 90 
35 18 
35 55 
35 55 
35 40 
35 23 
35 17 
35 42 
35 22 
35 1 
35 2 
35 55 
35 32 
35 27 
35 45 
35 23 
35 12 
35 11 
35 55 
35 37 
35 17 
35 24 
35 38 
35 22 
35 27 
35 18 
35 55 
35 17 
35 38 
35 17 
35 18 
35 23 
35 38 
35 24 
35 42 
35 39 
35 23 
35 22 
35 42 
35 55 
35 39 
35 18 
35 21 
35 45 
35 23 
35 22 
35 30 
35 47 
35 22 
35 30 
35 16 
35 31 
35 22 
35 13 
35 55 
35 3 
35 5 
35 13 
35 22 
35 47 
35 1 
35 7 
35 55 
35 54 
35 55 
35 42 
35 22 
35 1 
35 47 
35 1 
35 32 
35 17 
35 25 
40 22 
40 23 
40 10 
40 35 
40 17 
40 43 
40 48 
40 55 
40 35 
40 46 
40 48 
40 20 
40 24 
40 19 
40 26 
40 27 
40 21 
40 12 
40 45 
40 8 
40 56 
40 16 
40 9 
40 19 
40 23 
40 13 
40 22 
40 14 
40 20 
40 35 
40 45 
40 27 
40 56 
40 22 
40 23 
40 35 
40 20 
40 2 
40 21 
40 4 
40 16 
40 26 
40 55 
40 23 
40 7 
40 18 
40 13 
40 9 
40 6 
40 4 
40 16 
40 20 
40 23 
40 35 
40 22 
40 18 
40 27 
40 6 
40 16 
40 13 
40 19 
40 55 
40 2 
40 23 
40 61 
40 7 
40 22 
40 19 
40 14 
40 56 
40 13 
40 4 
40 23 
40 35 
40 56 
40 16 
40 7 
40 9 
40 22 
40 7 
40 13 
40 56 
40 9 
40 2 
40 55 
40 22 
40 14 
40 19 
40 23 
40 16 
40 7 
40 56 
40 9 
40 35 
40 16 
40 55 
40 16 
40 55 
40 16 
40 55 
40 35 
40 112 
40 21 
40 14 
40 21 
40 14 
40 7 
40 112 
40 16 
40 16 
40 55 
40 55 
40 16 
40 16 
40 16 
40 55 
40 16 
40 16 
40 55 
40 16 
40 55 
40 25 
40 56 
40 35 
40 132 
40 10 
40 1 
40 2 
40 43 
40 32 
40 36 
40 18 
40 20 
40 11 
40 36 
40 33 
40 1 
40 43 
40 20 
40 24 
40 36 
40 12 
40 18 
40 43 
40 33 
40 18 
40 4 
40 32 
40 43 
40 1 
40 38 
40 33 
40 43 
40 31 
40 35 
40 12 
40 1 
40 33 
40 41 
40 18 
40 12 
40 38 
40 4 
40 32 
40 7 
40 43 
40 32 
40 18 
40 43 
40 7 
40 1 
40 43 
40 43 
40 1 
40 21 
40 1 
40 43 
40 2 
40 2 
40 47 
40 49 
40 15 
40 6 
40 31 
40 23 
40 14 
40 17 
40 7 
40 55 
40 49 
40 23 
40 49 
40 23 
40 49 
40 23 
40 49 
40 49 
40 38 
40 49 
40 25 
40 19 
40 19 
40 9 
40 1 
40 17 
40 55 
40 1 
40 35 
40 17 
40 23 
40 1 
40 2 
40 31 
40 22 
40 20 
40 23 
40 42 
40 15 
40 12 
40 27 
40 22 
40 22 
40 55 
40 39 
40 55 
40 32 
40 22 
40 27 
40 14 
40 5 
40 41 
40 17 
40 38 
40 17 
40 41 
40 38 
40 17 
40 17 
40 38 
40 17 
40 16 
40 27 
40 27 
40 27 
40 32 
40 16 
40 55 
3 47 
3 1 
3 9 
3 14 
3 5 
3 21 
3 2 
3 12 
3 22 
3 16 
3 24 
3 25 
3 47 
3 8 
3 9 
3 23 
3 56 
3 11 
3 13 
3 22 
3 5 
3 20 
3 7 
3 14 
3 27 
3 25 
3 11 
3 15 
3 17 
3 47 
3 22 
3 21 
3 23 
3 19 
3 2 
3 6 
3 45 
3 18 
3 47 
3 25 
3 9 
3 24 
3 8 
3 7 
3 43 
3 56 
3 20 
3 13 
3 27 
3 15 
3 15 
3 15 
3 1 
3 1 
3 1 
3 1 
3 15 
3 15 
3 1 
3 15 
3 1 
3 1 
3 15 
3 1 
3 1 
3 1 
3 1 
3 25 
3 2 
3 1 
3 6 
3 32 
3 34 
3 9 
3 6 
3 2 
3 20 
3 27 
3 31 
3 17 
3 39 
3 37 
3 31 
3 39 
3 20 
3 21 
3 32 
3 2 
3 31 
3 38 
3 37 
3 34 
3 6 
3 20 
3 36 
3 39 
3 32 
3 21 
3 37 
3 2 
3 31 
3 12 
3 34 
3 11 
3 36 
3 39 
3 39 
3 27 
3 32 
3 20 
3 11 
3 6 
3 2 
3 21 
3 39 
3 31 
3 48 
3 31 
3 17 
3 37 
3 21 
3 11 
3 12 
3 2 
3 38 
3 21 
3 39 
3 42 
3 27 
3 20 
3 1 
3 38 
3 17 
3 11 
3 21 
3 20 
3 37 
3 1 
3 38 
3 11 
3 21 
3 17 
3 7 
3 44 
3 39 
3 11 
3 39 
3 32 
3 6 
3 44 
3 2 
3 43 
3 37 
3 53 
3 11 
3 17 
3 31 
3 32 
3 37 
3 38 
3 11 
3 1 
3 1 
3 37 
3 20 
3 45 
3 11 
3 33 
3 2 
3 38 
3 32 
3 44 
3 32 
3 44 
3 2 
3 1 
3 6 
3 15 
3 38 
3 33 
3 2 
3 1 
3 37 
3 11 
3 46 
3 15 
3 25 
3 40 
3 39 
3 11 
3 25 
3 34 
3 19 
3 47 
3 15 
3 14 
3 39 
3 11 
3 45 
3 54 
3 38 
3 24 
3 31 
3 17 
3 25 
3 32 
3 13 
3 2 
3 43 
3 17 
3 7 
3 5 
3 1 
3 2 
3 15 
3 17 
3 10 
3 37 
3 31 
3 1 
3 27 
3 19 
3 12 
3 15 
3 10 
3 15 
3 45 
3 13 
3 25 
3 23 
3 14 
3 1 
3 12 
3 24 
3 45 
3 54 
3 11 
3 13 
3 22 
3 22 
3 24 
3 15 
3 14 
3 45 
3 12 
3 9 
3 17 
3 42 
3 22 
3 25 
3 13 
3 14 
3 42 
3 22 
3 5 
3 42 
3 24 
3 42 
3 2 
3 30 
3 9 
3 53 
3 13 
3 9 
3 13 
3 35 
3 55 
3 5 
3 35 
3 5 
3 124 
3 13 
3 22 
3 13 
3 124 
3 13 
3 13 
3 22 
3 27 
3 35 
4 6 
4 1 
4 21 
4 20 
4 11 
4 9 
4 47 
4 10 
4 13 
4 22 
4 19 
4 2 
4 25 
4 21 
4 5 
4 8 
4 24 
4 9 
4 12 
4 47 
4 56 
4 6 
4 20 
4 5 
4 22 
4 2 
4 7 
4 11 
4 43 
4 10 
4 15 
4 3 
4 23 
4 61 
4 47 
4 8 
4 5 
4 26 
4 9 
4 17 
4 21 
4 22 
4 13 
4 5 
4 25 
4 2 
4 19 
4 45 
4 7 
4 26 
4 56 
4 21 
4 11 
4 8 
4 20 
4 18 
4 24 
4 6 
4 27 
4 12 
4 7 
4 13 
4 22 
4 14 
4 9 
4 11 
4 26 
4 45 
4 27 
4 5 
4 24 
4 18 
4 7 
4 19 
4 8 
4 20 
4 13 
4 23 
4 16 
4 56 
4 2 
4 27 
4 9 
4 12 
4 26 
4 35 
4 40 
4 13 
4 23 
4 19 
4 14 
4 21 
4 20 
4 7 
4 18 
4 13 
4 45 
4 22 
4 12 
4 35 
4 61 
4 9 
4 56 
4 19 
4 13 
4 16 
4 40 
4 6 
4 14 
4 2 
4 7 
4 23 
4 19 
4 27 
4 56 
4 9 
4 40 
4 18 
4 14 
4 22 
4 56 
4 9 
4 40 
4 16 
4 35 
4 13 
4 56 
4 7 
4 23 
4 40 
4 9 
4 14 
4 16 
4 56 
4 55 
4 2 
4 19 
4 22 
4 21 
4 35 
4 35 
4 35 
4 35 
4 35 
4 35 
4 35 
4 35 
4 35 
4 35 
4 35 
4 35 
4 35 
4 35 
4 35 
4 35 
4 35 
4 35 
4 35 
4 35 
4 35 
4 35 
4 35 
4 35 
4 35 
4 35 
4 35 
4 35 
4 35 
4 35 
4 35 
4 35 
4 35 
4 35 
4 35 
4 35 
4 35 
4 35 
4 35 
4 65 
4 47 
4 11 
4 58 
4 12 
4 24 
4 2 
4 20 
4 35 
4 36 
4 24 
4 56 
4 31 
4 39 
4 12 
4 56 
4 1 
4 24 
4 20 
4 56 
4 2 
4 38 
4 12 
4 88 
4 31 
4 20 
4 11 
4 24 
4 43 
4 47 
4 2 
4 32 
4 12 
4 38 
4 31 
4 47 
4 56 
4 38 
4 24 
4 7 
4 2 
4 41 
4 11 
4 47 
4 7 
4 24 
4 42 
4 12 
4 56 
4 7 
4 56 
4 33 
4 24 
4 7 
4 43 
4 56 
4 11 
4 47 
4 56 
4 7 
4 11 
4 47 
4 56 
4 24 
4 2 
4 33 
4 38 
4 41 
4 11 
4 7 
4 116 
4 81 
4 48 
4 48 
4 65 
4 52 
4 17 
4 12 
4 48 
4 55 
4 23 
4 51 
4 54 
4 12 
4 31 
4 46 
4 52 
4 19 
4 7 
4 50 
4 1 
4 7 
4 52 
4 46 
4 51 
4 12 
4 7 
4 1 
4 52 
4 54 
4 51 
4 12 
4 53 
4 16 
4 34 
4 16 
4 34 
4 15 
4 7 
4 17 
4 38 
4 24 
4 2 
4 21 
4 31 
4 43 
4 20 
4 1 
4 19 
4 17 
4 12 
4 15 
4 24 
4 7 
4 2 
4 21 
4 27 
4 10 
4 31 
4 21 
4 17 
4 19 
4 7 
4 24 
4 12 
4 25 
4 11 
4 21 
4 31 
4 17 
4 23 
4 55 
4 1 
4 12 
4 24 
4 22 
4 11 
4 55 
4 22 
4 24 
4 41 
4 18 
4 24 
4 31 
4 22 
4 3 
4 56 
4 12 
4 24 
4 42 
4 21 
4 15 
4 100 
4 63 
4 7 
4 125 
4 55 
4 63 
4 42 
4 55 
4 14 
4 65 
4 52 
4 5 
4 52 
4 55 
4 65 
4 5 
4 55 
4 65 
4 55 
4 5 
4 65 
4 17 
4 65 
77 237 
77 12 
77 58 
77 58 
77 58 
77 58 
77 58 
77 237 
77 237 
77 58 
77 58 
77 58 
77 58 
77 58 
77 58 
77 58 
77 58 
55 18 
55 56 
55 12 
55 3 
55 8 
55 27 
55 11 
55 22 
55 40 
55 9 
55 14 
55 5 
55 43 
55 7 
55 4 
55 46 
55 46 
55 10 
55 40 
55 35 
55 35 
55 11 
55 5 
55 48 
55 6 
55 35 
55 8 
55 9 
55 40 
55 18 
55 21 
55 2 
55 56 
55 19 
55 20 
55 45 
55 35 
55 7 
55 40 
55 9 
55 23 
55 56 
55 19 
55 20 
55 26 
55 2 
55 16 
55 4 
55 22 
55 13 
55 7 
55 19 
55 14 
55 61 
55 18 
55 23 
55 4 
55 18 
55 61 
55 14 
55 9 
55 16 
55 56 
55 40 
55 22 
55 35 
55 7 
55 13 
55 19 
55 2 
55 56 
55 4 
55 16 
55 40 
55 7 
55 13 
55 19 
55 9 
55 14 
55 23 
55 40 
55 35 
55 7 
55 13 
55 22 
55 56 
55 16 
55 2 
55 9 
55 16 
55 40 
55 16 
55 40 
55 40 
55 16 
55 40 
55 40 
55 178 
55 40 
55 40 
55 16 
55 16 
55 16 
55 40 
55 16 
55 16 
55 242 
55 243 
55 179 
55 16 
55 16 
55 16 
55 16 
55 181 
55 180 
55 16 
55 4 
55 31 
55 9 
55 19 
55 5 
55 53 
55 34 
55 5 
55 53 
55 37 
55 13 
55 27 
55 23 
55 38 
55 40 
55 31 
55 9 
55 11 
55 19 
55 31 
55 17 
55 13 
55 27 
55 63 
55 133 
55 14 
55 63 
55 25 
55 37 
55 13 
55 56 
55 45 
55 133 
55 45 
55 37 
55 45 
55 133 
55 56 
55 133 
55 37 
55 45 
55 123 
55 56 
55 45 
55 13 
55 37 
55 45 
55 37 
55 32 
55 9 
55 45 
55 13 
55 25 
55 41 
55 56 
55 11 
55 24 
55 37 
55 39 
55 14 
55 45 
55 47 
55 35 
55 9 
55 41 
55 45 
55 23 
55 11 
55 18 
55 35 
55 14 
55 32 
55 40 
55 1 
55 43 
55 47 
55 17 
55 11 
55 15 
55 35 
55 56 
55 2 
55 23 
55 14 
55 9 
55 11 
55 27 
55 22 
55 38 
55 10 
55 31 
55 1 
55 40 
55 18 
55 9 
55 37 
55 17 
55 42 
55 45 
55 27 
55 2 
55 9 
55 40 
55 1 
55 21 
55 12 
55 22 
55 24 
55 20 
55 5 
55 35 
55 47 
55 15 
55 41 
55 38 
55 39 
55 4 
55 18 
55 38 
55 23 
55 20 
55 41 
55 7 
55 40 
55 56 
55 22 
55 12 
55 14 
55 31 
55 35 
55 27 
55 41 
55 56 
55 38 
55 39 
55 27 
55 18 
55 40 
55 38 
55 42 
55 15 
55 12 
55 22 
55 40 
55 31 
55 27 
55 31 
55 40 
55 35 
55 5 
55 27 
55 22 
55 39 
55 31 
55 7 
55 5 
55 17 
55 1 
55 57 
55 47 
55 32 
55 32 
55 1 
55 24 
55 58 
55 1 
55 57 
55 56 
55 13 
55 5 
55 3 
55 35 
55 63 
55 100 
55 125 
55 4 
55 35 
55 35 
55 14 
55 54 
55 65 
55 5 
55 4 
55 5 
55 52 
55 17 
55 5 
55 4 
55 5 
55 114 
55 36 
55 5 
55 38 
55 4 
55 65 
55 36 
55 89 
55 41 
55 22 
55 43 
55 32 
55 35 
55 25 
55 27 
43 8 
43 23 
43 22 
43 16 
43 61 
43 25 
43 17 
43 10 
43 19 
43 7 
43 40 
43 35 
43 45 
43 22 
43 8 
43 5 
43 11 
43 9 
43 19 
43 21 
43 17 
43 45 
43 4 
43 16 
43 47 
43 3 
43 27 
43 25 
43 15 
43 10 
43 21 
43 21 
43 10 
43 21 
43 21 
43 10 
43 10 
43 10 
43 10 
43 37 
43 37 
43 10 
43 10 
43 37 
43 10 
43 10 
43 10 
43 10 
43 10 
43 10 
43 10 
43 10 
43 10 
43 10 
43 21 
43 10 
43 10 
43 10 
43 10 
43 10 
43 10 
43 10 
43 10 
43 10 
43 10 
43 10 
43 10 
43 10 
43 10 
43 10 
43 21 
43 10 
43 21 
43 21 
43 115 
43 10 
43 21 
43 12 
43 10 
43 21 
43 21 
43 21 
43 36 
43 20 
43 12 
43 35 
43 36 
43 20 
43 58 
43 35 
43 31 
43 24 
43 18 
43 1 
43 31 
43 38 
43 40 
43 1 
43 12 
43 11 
43 38 
43 31 
43 35 
43 20 
43 1 
43 32 
43 11 
43 40 
43 20 
43 10 
43 35 
43 17 
43 12 
43 40 
43 38 
43 45 
43 31 
43 32 
43 21 
43 33 
43 38 
43 11 
43 1 
43 10 
43 12 
43 45 
43 17 
43 7 
43 38 
43 20 
43 41 
43 18 
43 2 
43 31 
43 24 
43 33 
43 7 
43 11 
43 36 
43 18 
43 38 
43 40 
43 17 
43 1 
43 30 
43 24 
43 38 
43 32 
43 31 
43 15 
43 1 
43 24 
43 11 
43 20 
43 18 
43 2 
43 11 
43 38 
43 17 
43 33 
43 40 
43 32 
43 38 
43 15 
43 1 
43 33 
43 24 
43 41 
43 10 
43 19 
43 2 
43 1 
43 21 
43 10 
43 45 
43 32 
43 11 
43 33 
43 38 
43 2 
43 1 
43 33 
43 17 
43 10 
43 53 
43 55 
43 48 
43 5 
43 65 
43 12 
43 58 
43 19 
43 65 
43 5 
43 21 
43 12 
43 45 
43 33 
43 38 
43 37 
43 51 
43 14 
43 42 
43 49 
43 33 
43 18 
43 1 
43 19 
43 34 
43 16 
43 16 
43 21 
43 50 
43 50 
43 16 
43 209 
43 21 
43 21 
43 90 
43 36 
43 15 
43 10 
43 5 
43 42 
43 2 
43 31 
43 4 
43 20 
43 24 
43 19 
43 31 
43 19 
43 2 
43 7 
43 12 
43 17 
43 24 
43 1 
43 38 
43 15 
43 37 
43 7 
43 12 
43 19 
43 3 
43 25 
43 17 
43 10 
43 22 
43 10 
43 55 
43 18 
43 23 
43 17 
43 22 
43 15 
43 4 
43 10 
43 51 
43 16 
43 45 
43 16 
43 17 
43 25 
43 11 
43 47 
43 38 
43 22 
43 10 
43 57 
43 37 
43 63 
43 25 
43 123 
43 25 
43 25 
43 25 
43 25 
43 31 
43 25 
43 31 
43 37 
43 31 
43 25 
43 37 
43 31 
43 13 
43 32 
43 35 
43 25 
43 11 
5 2 
5 21 
5 24 
5 25 
5 11 
5 16 
5 47 
5 13 
5 61 
5 15 
5 23 
5 27 
5 22 
5 12 
5 9 
5 13 
5 14 
5 10 
5 16 
5 8 
5 11 
5 2 
5 23 
5 21 
5 3 
5 25 
5 7 
5 18 
5 20 
5 56 
5 22 
5 14 
5 12 
5 15 
5 9 
5 21 
5 8 
5 6 
5 27 
5 56 
5 2 
5 3 
5 19 
5 23 
5 7 
5 11 
5 1 
5 25 
5 8 
5 20 
5 4 
5 15 
5 9 
5 47 
5 23 
5 6 
5 56 
5 21 
5 19 
5 3 
5 18 
5 10 
5 27 
5 25 
5 20 
5 7 
5 56 
5 4 
5 1 
5 24 
5 27 
5 2 
5 11 
5 19 
5 21 
5 18 
5 25 
5 7 
5 24 
5 8 
5 6 
5 20 
5 27 
5 11 
5 19 
5 23 
5 56 
5 16 
5 13 
5 21 
5 14 
5 45 
5 4 
5 26 
5 9 
5 12 
5 22 
5 1 
5 25 
5 26 
5 123 
5 48 
5 1 
5 1 
5 48 
5 1 
5 1 
5 1 
5 1 
5 23 
5 27 
5 8 
5 1 
5 1 
5 1 
5 1 
5 8 
5 1 
5 1 
5 8 
5 8 
5 1 
5 8 
5 1 
5 8 
5 80 
5 253 
5 253 
5 253 
5 253 
5 253 
5 253 
5 253 
5 253 
5 253 
5 21 
5 42 
5 39 
5 9 
5 9 
5 42 
5 30 
5 31 
5 4 
5 17 
5 65 
5 12 
5 52 
5 19 
5 35 
5 12 
5 36 
5 35 
5 36 
5 12 
5 10 
5 65 
5 48 
5 58 
5 12 
5 65 
5 19 
5 77 
5 21 
5 48 
5 43 
5 12 
5 47 
5 23 
5 24 
5 49 
5 32 
5 7 
5 23 
5 45 
5 33 
5 42 
5 7 
5 1 
5 7 
5 1 
5 63 
5 102 
5 42 
5 63 
5 57 
5 12 
5 27 
5 19 
5 35 
5 41 
5 14 
5 11 
5 39 
5 17 
5 47 
5 54 
5 38 
5 7 
5 31 
5 42 
5 18 
5 49 
5 1 
5 38 
5 7 
5 20 
5 2 
5 6 
5 24 
5 48 
5 12 
5 42 
5 19 
5 54 
5 1 
5 25 
5 3 
5 48 
5 54 
5 6 
5 11 
5 32 
5 19 
5 54 
5 13 
5 11 
5 25 
5 32 
5 56 
5 47 
5 48 
5 15 
5 22 
5 6 
5 14 
5 45 
5 46 
5 32 
5 9 
5 54 
5 11 
5 48 
5 47 
5 55 
5 27 
5 6 
5 54 
5 25 
5 32 
5 22 
5 47 
5 48 
5 25 
5 39 
5 37 
5 22 
5 47 
5 3 
5 1 
5 25 
5 32 
5 23 
5 14 
5 42 
5 55 
5 42 
5 55 
5 17 
5 35 
5 41 
5 45 
5 22 
5 46 
5 27 
5 14 
5 37 
5 40 
5 42 
5 24 
5 14 
5 57 
5 55 
5 1 
5 57 
5 48 
5 59 
5 42 
5 16 
5 48 
5 13 
5 55 
5 3 
5 35 
5 13 
5 47 
5 2 
5 42 
5 32 
5 42 
5 32 
5 124 
5 25 
5 35 
5 59 
5 4 
5 1 
5 52 
5 55 
5 4 
5 17 
5 4 
5 114 
5 55 
5 7 
5 22 
5 38 
5 2 
5 13 
5 9 
5 14 
5 25 
5 55 
9 21 
9 14 
9 27 
9 15 
9 47 
9 19 
9 12 
9 24 
9 1 
9 56 
9 13 
9 3 
9 61 
9 5 
9 21 
9 2 
9 23 
9 8 
9 12 
9 14 
9 47 
9 15 
9 16 
9 61 
9 22 
9 56 
9 6 
9 3 
9 13 
9 7 
9 4 
9 20 
9 8 
9 1 
9 22 
9 19 
9 21 
9 11 
9 2 
9 3 
9 24 
9 56 
9 1 
9 12 
9 4 
9 10 
9 16 
9 7 
9 18 
9 15 
9 27 
9 14 
9 45 
9 47 
9 2 
9 4 
9 17 
9 6 
9 7 
9 18 
9 43 
9 22 
9 25 
9 13 
9 15 
9 56 
9 1 
9 24 
9 20 
9 12 
9 27 
9 4 
9 21 
9 8 
9 18 
9 7 
9 56 
9 19 
9 20 
9 2 
9 45 
9 25 
9 11 
9 14 
9 22 
9 13 
9 6 
9 7 
9 8 
9 56 
9 21 
9 5 
9 2 
9 17 
9 27 
9 19 
9 45 
9 11 
9 7 
9 20 
9 6 
9 8 
9 56 
9 18 
9 16 
9 24 
9 22 
9 27 
9 14 
9 12 
9 4 
9 23 
9 16 
9 45 
9 24 
9 8 
9 19 
9 5 
9 2 
9 26 
9 35 
9 27 
9 22 
9 13 
9 25 
9 12 
9 21 
9 14 
9 45 
9 26 
9 19 
9 18 
9 16 
9 27 
9 23 
9 22 
9 2 
9 12 
9 4 
9 7 
9 40 
9 56 
9 6 
9 18 
9 13 
9 22 
9 14 
9 45 
9 26 
9 20 
9 23 
9 55 
9 19 
9 4 
9 13 
9 56 
9 7 
9 6 
9 61 
9 16 
9 40 
9 8 
9 27 
9 18 
9 23 
9 61 
9 4 
9 2 
9 16 
9 7 
9 35 
9 23 
9 14 
9 2 
9 4 
9 55 
9 40 
9 16 
9 22 
9 13 
9 14 
9 19 
9 23 
9 7 
9 35 
9 40 
9 55 
9 16 
9 56 
9 22 
9 2 
9 22 
9 2 
9 13 
9 168 
9 13 
9 13 
9 168 
9 13 
9 13 
9 13 
9 13 
9 169 
9 13 
9 13 
9 13 
9 13 
9 13 
9 13 
9 13 
9 48 
9 38 
9 15 
9 27 
9 34 
9 31 
9 12 
9 17 
9 31 
9 25 
9 39 
9 1 
9 31 
9 36 
9 20 
9 17 
9 25 
9 31 
9 20 
9 38 
9 24 
9 36 
9 31 
9 20 
9 39 
9 31 
9 11 
9 24 
9 38 
9 11 
9 31 
9 38 
9 31 
9 12 
9 11 
9 38 
9 31 
9 11 
9 11 
9 31 
9 17 
9 7 
9 38 
9 3 
9 31 
9 11 
9 31 
9 11 
9 42 
9 38 
9 21 
9 5 
9 17 
9 42 
9 5 
9 55 
9 18 
9 18 
9 39 
9 11 
9 39 
9 18 
9 47 
9 11 
9 39 
9 13 
9 37 
9 27 
9 133 
9 37 
9 56 
9 45 
9 37 
9 133 
9 37 
9 133 
9 13 
9 37 
9 45 
9 32 
9 123 
9 45 
9 32 
9 37 
9 37 
9 45 
9 56 
9 55 
9 32 
9 56 
9 14 
9 55 
9 14 
9 11 
9 55 
9 11 
9 47 
9 48 
9 45 
9 11 
9 42 
9 55 
9 22 
9 5 
9 18 
9 6 
9 48 
9 14 
9 47 
9 46 
9 6 
9 45 
9 56 
9 17 
9 37 
9 5 
9 54 
9 25 
9 3 
9 13 
9 55 
9 11 
9 23 
9 1 
9 56 
9 27 
9 55 
9 11 
9 18 
9 18 
9 25 
9 14 
9 15 
9 32 
9 39 
9 17 
9 18 
9 22 
9 56 
9 12 
9 42 
9 56 
9 43 
9 47 
9 11 
9 25 
9 53 
9 3 
9 52 
9 11 
9 56 
9 24 
9 2 
9 56 
9 47 
9 11 
9 2 
9 56 
9 124 
9 20 
9 18 
9 27 
9 11 
9 2 
9 36 
9 21 
9 117 
9 17 
9 27 
9 36 
9 56 
9 11 
9 11 
9 56 
9 41 
9 1 
9 38 
9 41 
9 22 
9 16 
9 13 
9 43 
9 31 
9 13 
9 7 
9 22 
9 17 
9 47 
9 32 
9 55 
7 19 
7 17 
7 10 
7 22 
7 40 
7 45 
7 43 
7 35 
7 25 
7 8 
7 2 
7 12 
7 3 
7 1 
7 13 
7 9 
7 2 
7 5 
7 20 
7 22 
7 27 
7 18 
7 9 
7 11 
7 47 
7 17 
7 21 
7 27 
7 8 
7 25 
7 23 
7 61 
7 3 
7 45 
7 6 
7 15 
7 5 
7 19 
7 22 
7 13 
7 11 
7 47 
7 56 
7 25 
7 8 
7 23 
7 9 
7 12 
7 4 
7 14 
7 45 
7 27 
7 26 
7 17 
7 56 
7 13 
7 11 
7 20 
7 6 
7 18 
7 45 
7 27 
7 2 
7 25 
7 21 
7 23 
7 14 
7 26 
7 12 
7 22 
7 4 
7 11 
7 16 
7 19 
7 9 
7 56 
7 40 
7 13 
7 8 
7 23 
7 25 
7 45 
7 27 
7 4 
7 56 
7 16 
7 26 
7 14 
7 25 
7 12 
7 35 
7 19 
7 9 
7 56 
7 20 
7 23 
7 13 
7 4 
7 35 
7 14 
7 21 
7 6 
7 26 
7 2 
7 55 
7 19 
7 23 
7 35 
7 22 
7 16 
7 9 
7 14 
7 40 
7 2 
7 18 
7 61 
7 56 
7 27 
7 22 
7 19 
7 35 
7 4 
7 9 
7 18 
7 14 
7 2 
7 22 
7 16 
7 4 
7 23 
7 35 
7 9 
7 19 
7 2 
7 22 
7 55 
7 56 
7 4 
7 16 
7 2 
7 9 
7 35 
7 14 
7 23 
7 40 
7 22 
7 19 
7 14 
7 56 
7 2 
7 35 
7 23 
7 16 
7 13 
7 40 
7 55 
7 9 
7 22 
7 14 
7 112 
7 40 
7 14 
7 21 
7 56 
7 40 
7 112 
7 162 
7 21 
7 21 
7 14 
7 21 
7 21 
7 21 
7 243 
7 21 
7 14 
7 14 
7 214 
7 21 
7 14 
7 214 
7 21 
7 14 
7 215 
7 216 
7 215 
7 14 
7 215 
7 118 
7 21 
7 215 
7 14 
7 162 
7 21 
7 14 
7 14 
7 21 
7 21 
7 56 
7 14 
7 21 
7 14 
7 21 
7 56 
7 56 
7 56 
7 56 
7 56 
7 56 
7 56 
7 56 
7 56 
7 56 
7 56 
7 56 
7 56 
7 56 
7 56 
7 37 
7 56 
7 25 
7 17 
7 35 
7 33 
7 13 
7 31 
7 39 
7 25 
7 20 
7 39 
7 20 
7 31 
7 36 
7 25 
7 13 
7 31 
7 20 
7 2 
7 13 
7 32 
7 1 
7 36 
7 13 
7 31 
7 4 
7 13 
7 56 
7 25 
7 13 
7 38 
7 32 
7 12 
7 39 
7 13 
7 1 
7 2 
7 11 
7 9 
7 20 
7 12 
7 38 
7 17 
7 41 
7 24 
7 11 
7 31 
7 12 
7 20 
7 2 
7 44 
7 38 
7 9 
7 56 
7 17 
7 1 
7 25 
7 20 
7 41 
7 39 
7 36 
7 32 
7 17 
7 48 
7 42 
7 27 
7 4 
7 56 
7 14 
7 31 
7 1 
7 39 
7 11 
7 25 
7 21 
7 38 
7 17 
7 14 
7 39 
7 23 
7 25 
7 41 
7 32 
7 56 
7 43 
7 4 
7 44 
7 42 
7 20 
7 47 
7 24 
7 40 
7 38 
7 23 
7 56 
7 17 
7 2 
7 11 
7 1 
7 2 
7 11 
7 14 
7 38 
7 33 
7 53 
7 23 
7 17 
7 31 
7 1 
7 1 
7 2 
7 23 
7 44 
7 32 
7 38 
7 56 
7 20 
7 1 
7 2 
7 38 
7 11 
7 17 
7 13 
7 56 
7 6 
7 31 
7 14 
7 49 
7 42 
7 20 
7 2 
7 15 
7 17 
7 27 
7 6 
7 31 
7 23 
7 55 
7 14 
7 19 
7 25 
7 33 
7 33 
7 38 
7 5 
7 42 
7 38 
7 54 
7 51 
7 54 
7 4 
7 5 
7 1 
7 54 
7 52 
7 46 
7 12 
7 51 
7 4 
7 54 
7 51 
7 4 
7 52 
7 54 
7 54 
7 51 
7 1 
7 46 
7 38 
7 1 
7 54 
7 21 
7 1 
7 5 
7 15 
7 36 
7 38 
7 10 
7 18 
7 48 
7 2 
7 1 
7 27 
7 90 
7 5 
7 20 
7 21 
7 43 
7 31 
7 24 
7 31 
7 4 
7 15 
7 12 
7 10 
7 38 
7 42 
7 2 
7 31 
7 20 
7 27 
7 10 
7 31 
7 17 
7 21 
7 4 
7 38 
7 20 
7 43 
7 21 
7 1 
7 55 
7 21 
7 22 
7 21 
7 55 
7 21 
7 22 
7 27 
7 21 
7 39 
7 27 
7 17 
7 5 
7 45 
7 14 
7 46 
7 54 
7 54 
7 55 
7 100 
7 35 
7 54 
7 1 
7 54 
7 55 
7 59 
7 14 
7 14 
7 14 
7 1 
7 21 
7 22 
7 14 
7 55 
7 22 
21 7 
21 20 
21 9 
21 8 
21 24 
21 11 
21 56 
21 2 
21 27 
21 20 
21 45 
21 12 
21 22 
21 26 
21 16 
21 61 
21 35 
21 4 
21 19 
21 14 
21 9 
21 7 
21 40 
21 13 
21 20 
21 18 
21 55 
21 45 
21 23 
21 22 
21 35 
21 16 
21 14 
21 26 
21 43 
21 10 
21 43 
21 4 
21 43 
21 10 
21 18 
21 40 
21 35 
21 112 
21 56 
21 14 
21 7 
21 40 
21 112 
21 127 
21 118 
21 14 
21 7 
21 14 
21 14 
21 14 
21 243 
21 14 
21 7 
21 7 
21 14 
21 214 
21 7 
21 14 
21 7 
21 14 
21 215 
21 215 
21 7 
21 118 
21 118 
21 14 
21 118 
21 162 
21 215 
21 7 
21 14 
21 7 
21 14 
21 7 
21 14 
21 14 
21 7 
21 22 
21 56 
21 14 
21 56 
21 14 
21 14 
21 56 
21 14 
21 56 
21 14 
21 56 
21 7 
21 14 
21 43 
21 10 
21 43 
21 10 
21 10 
21 43 
21 43 
21 10 
21 43 
21 115 
21 10 
21 12 
21 43 
21 10 
21 12 
21 43 
21 10 
21 43 
21 10 
21 43 
21 20 
21 36 
21 32 
21 12 
21 1 
21 39 
21 3 
21 6 
21 1 
21 15 
21 32 
21 1 
21 12 
21 2 
21 38 
21 39 
21 38 
21 2 
21 3 
21 20 
21 39 
21 17 
21 32 
21 32 
21 15 
21 2 
21 12 
21 27 
21 11 
21 3 
21 24 
21 32 
21 39 
21 38 
21 1 
21 38 
21 2 
21 27 
21 3 
21 38 
21 17 
21 7 
21 1 
21 11 
21 32 
21 44 
21 2 
21 32 
21 17 
21 1 
21 3 
21 9 
21 13 
21 24 
21 1 
21 33 
21 24 
21 45 
21 10 
21 43 
21 55 
21 65 
21 10 
21 48 
21 43 
21 5 
21 55 
21 12 
21 58 
21 43 
21 65 
21 48 
21 43 
21 5 
21 5 
21 1 
21 45 
21 34 
21 16 
21 19 
21 16 
21 43 
21 50 
21 43 
21 43 
21 18 
21 20 
21 7 
21 48 
21 5 
21 31 
21 27 
21 20 
21 2 
21 1 
21 10 
21 2 
21 25 
21 20 
21 31 
21 17 
21 27 
21 7 
21 23 
21 22 
21 55 
21 4 
21 22 
21 24 
21 7 
21 55 
21 42 
21 7 
21 22 
21 7 
21 5 
21 47 
21 35 
21 27 
21 14 
21 25 
21 56 
21 27 
21 17 
21 52 
21 24 
21 20 
21 36 
21 17 
21 38 
21 24 
21 36 
21 24 
21 17 
21 52 
21 20 
21 52 
21 20 
21 117 
21 27 
21 52 
21 117 
21 38 
21 36 
21 27 
21 17 
21 41 
21 17 
21 36 
21 27 
21 117 
21 9 
21 52 
21 55 
21 27 
21 17 
21 36 
21 14 
21 27 
21 117 
21 17 
56 19 
56 11 
56 3 
56 8 
56 23 
56 9 
56 21 
56 2 
56 10 
56 5 
56 25 
56 13 
56 14 
56 23 
56 8 
56 47 
56 15 
56 4 
56 27 
56 3 
56 5 
56 6 
56 22 
56 10 
56 13 
56 19 
56 21 
56 25 
56 3 
56 7 
56 9 
56 24 
56 20 
56 14 
56 22 
56 23 
56 45 
56 17 
56 12 
56 5 
56 9 
56 7 
56 2 
56 3 
56 15 
56 43 
56 20 
56 14 
56 25 
56 47 
56 8 
56 19 
56 9 
56 27 
56 24 
56 10 
56 23 
56 3 
56 6 
56 4 
56 14 
56 45 
56 20 
56 25 
56 11 
56 7 
56 9 
56 8 
56 17 
56 1 
56 6 
56 23 
56 26 
56 13 
56 4 
56 5 
56 24 
56 19 
56 20 
56 14 
56 61 
56 27 
56 4 
56 17 
56 19 
56 20 
56 5 
56 26 
56 22 
56 45 
56 21 
56 14 
56 23 
56 12 
56 25 
56 7 
56 8 
56 9 
56 13 
56 19 
56 20 
56 5 
56 16 
56 24 
56 11 
56 18 
56 45 
56 27 
56 14 
56 22 
56 12 
56 7 
56 4 
56 21 
56 23 
56 26 
56 35 
56 20 
56 7 
56 13 
56 18 
56 16 
56 19 
56 2 
56 21 
56 23 
56 4 
56 45 
56 26 
56 55 
56 14 
56 7 
56 9 
56 40 
56 2 
56 20 
56 21 
56 35 
56 16 
56 22 
56 14 
56 6 
56 7 
56 2 
56 22 
56 6 
56 9 
56 40 
56 16 
56 55 
56 14 
56 61 
56 13 
56 18 
56 19 
56 23 
56 9 
56 22 
56 4 
56 2 
56 35 
56 13 
56 7 
56 14 
56 4 
56 35 
56 40 
56 19 
56 2 
56 14 
56 23 
56 13 
56 7 
56 40 
56 35 
56 16 
56 55 
56 9 
56 22 
56 2 
56 23 
56 27 
56 48 
56 1 
56 23 
56 5 
56 8 
56 27 
56 21 
56 7 
56 112 
56 46 
56 258 
56 21 
56 7 
56 14 
56 21 
56 14 
56 21 
56 133 
56 37 
56 37 
56 21 
56 7 
56 14 
56 37 
56 37 
56 7 
56 7 
56 7 
56 7 
56 7 
56 7 
56 7 
56 7 
56 7 
56 7 
56 7 
56 7 
56 7 
56 7 
56 7 
56 7 
56 37 
56 37 
56 37 
56 37 
56 37 
56 7 
56 2 
56 14 
56 25 
56 31 
56 15 
56 25 
56 132 
56 38 
56 17 
56 33 
56 12 
56 37 
56 116 
56 4 
56 12 
56 36 
56 31 
56 35 
56 20 
56 12 
56 7 
56 39 
56 4 
56 31 
56 47 
56 12 
56 36 
56 20 
56 2 
56 7 
56 4 
56 39 
56 47 
56 12 
56 31 
56 38 
56 36 
56 25 
56 11 
56 47 
56 4 
56 7 
56 4 
56 11 
56 47 
56 12 
56 4 
56 20 
56 31 
56 11 
56 38 
56 11 
56 7 
56 36 
56 38 
56 2 
56 43 
56 38 
56 42 
56 11 
56 31 
56 39 
56 42 
56 11 
56 4 
56 17 
56 47 
56 7 
56 31 
56 2 
56 42 
56 39 
56 38 
56 125 
56 23 
56 38 
56 2 
56 24 
56 11 
56 7 
56 23 
56 25 
56 24 
56 38 
56 2 
56 20 
56 23 
56 11 
56 46 
56 7 
56 11 
56 47 
56 11 
56 35 
56 42 
56 49 
56 2 
56 31 
56 7 
56 14 
56 23 
56 49 
56 25 
56 27 
56 42 
56 31 
56 35 
56 1 
56 133 
56 9 
56 13 
56 27 
56 9 
56 133 
56 9 
56 37 
56 45 
56 55 
56 133 
56 133 
56 55 
56 45 
56 37 
56 133 
56 45 
56 37 
56 32 
56 123 
56 9 
56 32 
56 45 
56 37 
56 9 
56 32 
56 55 
56 13 
56 32 
56 11 
56 90 
56 14 
56 12 
56 25 
56 3 
56 22 
56 17 
56 1 
56 37 
56 38 
56 11 
56 25 
56 7 
56 37 
56 23 
56 32 
56 13 
56 5 
56 27 
56 10 
56 25 
56 12 
56 32 
56 22 
56 17 
56 37 
56 55 
56 35 
56 18 
56 27 
56 32 
56 2 
56 22 
56 37 
56 25 
56 55 
56 27 
56 9 
56 22 
56 23 
56 11 
56 12 
56 41 
56 32 
56 32 
56 24 
56 18 
56 39 
56 22 
56 32 
56 15 
56 12 
56 39 
56 17 
56 25 
56 23 
56 37 
56 45 
56 32 
56 9 
56 14 
56 18 
56 24 
56 42 
56 55 
56 12 
56 38 
56 22 
56 27 
56 37 
56 23 
56 32 
56 39 
56 43 
56 9 
56 11 
56 22 
56 9 
56 11 
56 45 
56 16 
56 17 
56 25 
56 21 
56 5 
56 45 
56 5 
56 24 
56 25 
56 11 
56 11 
56 5 
56 11 
56 13 
56 11 
56 47 
56 2 
56 9 
56 38 
56 2 
56 11 
56 9 
56 9 
56 11 
56 20 
56 2 
56 11 
56 20 
56 11 
56 9 
56 11 
56 11 
56 17 
56 14 
56 9 
56 11 
56 22 
56 22 
56 11 
56 17 
56 41 
56 11 
56 17 
23 20 
23 43 
23 35 
23 22 
23 45 
23 40 
23 11 
23 2 
23 24 
23 14 
23 3 
23 27 
23 25 
23 13 
23 47 
23 15 
23 7 
23 5 
23 56 
23 6 
23 19 
23 61 
23 22 
23 25 
23 10 
23 16 
23 9 
23 8 
23 1 
23 14 
23 12 
23 15 
23 25 
23 5 
23 47 
23 7 
23 20 
23 19 
23 6 
23 21 
23 2 
23 27 
23 10 
23 17 
23 9 
23 45 
23 12 
23 47 
23 7 
23 11 
23 19 
23 21 
23 20 
23 4 
23 43 
23 25 
23 22 
23 24 
23 56 
23 7 
23 15 
23 5 
23 47 
23 6 
23 10 
23 21 
23 2 
23 43 
23 25 
23 45 
23 20 
23 27 
23 11 
23 1 
23 26 
23 24 
23 22 
23 4 
23 61 
23 13 
23 25 
23 56 
23 2 
23 11 
23 6 
23 17 
23 9 
23 8 
23 14 
23 61 
23 4 
23 13 
23 21 
23 25 
23 6 
23 19 
23 7 
23 24 
23 2 
23 5 
23 4 
23 61 
23 12 
23 56 
23 8 
23 22 
23 21 
23 13 
23 16 
23 9 
23 40 
23 6 
23 5 
23 19 
23 35 
23 2 
23 26 
23 7 
23 27 
23 40 
23 14 
23 4 
23 12 
23 19 
23 21 
23 22 
23 35 
23 20 
23 6 
23 27 
23 123 
23 2 
23 19 
23 26 
23 21 
23 7 
23 55 
23 16 
23 18 
23 9 
23 56 
23 40 
23 14 
23 13 
23 22 
23 6 
23 2 
23 35 
23 18 
23 13 
23 56 
23 40 
23 9 
23 19 
23 16 
23 14 
23 56 
23 2 
23 16 
23 9 
23 14 
23 55 
23 13 
23 22 
23 16 
23 35 
23 55 
23 56 
23 9 
23 7 
23 40 
23 19 
23 14 
23 16 
23 2 
23 35 
23 22 
23 55 
23 13 
23 9 
23 48 
23 27 
23 56 
23 8 
23 5 
23 27 
23 27 
23 27 
23 27 
23 27 
23 27 
23 27 
23 27 
23 27 
23 27 
23 31 
23 31 
23 31 
23 31 
23 31 
23 31 
23 31 
23 31 
23 31 
23 31 
23 132 
23 31 
23 17 
23 2 
23 44 
23 7 
23 11 
23 31 
23 42 
23 17 
23 7 
23 56 
23 25 
23 33 
23 11 
23 53 
23 31 
23 56 
23 38 
23 7 
23 2 
23 56 
23 31 
23 204 
23 25 
23 1 
23 44 
23 24 
23 38 
23 25 
23 14 
23 42 
23 32 
23 7 
23 38 
23 2 
23 11 
23 2 
23 25 
23 38 
23 30 
23 19 
23 27 
23 31 
23 76 
23 45 
23 6 
23 35 
23 13 
23 42 
23 11 
23 32 
23 19 
23 13 
23 37 
23 20 
23 49 
23 7 
23 35 
23 55 
23 27 
23 32 
23 38 
23 31 
23 14 
23 1 
23 17 
23 41 
23 48 
23 33 
23 6 
23 35 
23 37 
23 32 
23 2 
23 49 
23 20 
23 40 
23 33 
23 49 
23 20 
23 40 
23 15 
23 33 
23 20 
23 40 
23 42 
23 5 
23 117 
23 49 
23 33 
23 20 
23 38 
23 38 
23 18 
23 14 
23 40 
23 55 
23 47 
23 35 
23 57 
23 16 
23 12 
23 35 
23 2 
23 38 
23 1 
23 40 
23 31 
23 17 
23 18 
23 56 
23 22 
23 27 
23 12 
23 11 
23 35 
23 2 
23 7 
23 25 
23 45 
23 38 
23 5 
23 9 
23 56 
23 14 
23 17 
23 18 
23 55 
23 31 
23 27 
23 1 
23 39 
23 12 
23 11 
23 56 
23 9 
23 18 
23 55 
23 38 
23 4 
23 32 
23 27 
23 14 
23 41 
23 25 
23 46 
23 55 
23 4 
23 31 
23 39 
23 9 
23 22 
23 12 
23 1 
23 41 
23 35 
23 5 
23 17 
23 42 
23 3 
23 9 
23 22 
23 1 
23 35 
23 41 
23 47 
23 38 
23 24 
23 56 
23 25 
23 12 
23 39 
23 5 
23 37 
23 32 
23 18 
23 31 
23 3 
23 14 
23 22 
23 42 
23 24 
23 32 
23 3 
23 22 
23 13 
23 5 
2 19 
2 5 
2 1 
2 27 
2 25 
2 8 
2 12 
2 56 
2 24 
2 47 
2 9 
2 13 
2 3 
2 16 
2 10 
2 15 
2 11 
2 22 
2 56 
2 21 
2 19 
2 20 
2 25 
2 4 
2 47 
2 1 
2 8 
2 61 
2 24 
2 5 
2 23 
2 7 
2 6 
2 11 
2 27 
2 10 
2 61 
2 22 
2 16 
2 8 
2 47 
2 17 
2 3 
2 20 
2 56 
2 15 
2 12 
2 10 
2 43 
2 7 
2 8 
2 45 
2 19 
2 16 
2 17 
2 13 
2 25 
2 12 
2 61 
2 9 
2 45 
2 15 
2 8 
2 47 
2 14 
2 22 
2 21 
2 17 
2 4 
2 5 
2 11 
2 45 
2 24 
2 23 
2 25 
2 27 
2 18 
2 8 
2 9 
2 5 
2 4 
2 7 
2 17 
2 45 
2 26 
2 25 
2 21 
2 18 
2 11 
2 23 
2 12 
2 7 
2 16 
2 8 
2 56 
2 4 
2 22 
2 9 
2 19 
2 26 
2 20 
2 21 
2 6 
2 14 
2 27 
2 12 
2 26 
2 7 
2 56 
2 19 
2 61 
2 40 
2 14 
2 6 
2 21 
2 4 
2 26 
2 20 
2 35 
2 9 
2 16 
2 55 
2 7 
2 23 
2 56 
2 19 
2 6 
2 14 
2 61 
2 16 
2 9 
2 4 
2 35 
2 23 
2 14 
2 13 
2 19 
2 16 
2 4 
2 55 
2 7 
2 35 
2 9 
2 23 
2 56 
2 19 
2 4 
2 22 
2 7 
2 23 
2 14 
2 19 
2 55 
2 23 
2 13 
2 9 
2 22 
2 14 
2 19 
2 23 
2 40 
2 35 
2 7 
2 16 
2 56 
2 55 
2 9 
2 22 
2 55 
2 264 
2 25 
2 3 
2 264 
2 3 
2 25 
2 34 
2 14 
2 33 
2 15 
2 20 
2 27 
2 9 
2 34 
2 15 
2 20 
2 3 
2 27 
2 1 
2 17 
2 30 
2 7 
2 34 
2 12 
2 6 
2 20 
2 27 
2 36 
2 31 
2 33 
2 17 
2 6 
2 13 
2 12 
2 32 
2 31 
2 34 
2 20 
2 37 
2 27 
2 25 
2 35 
2 3 
2 32 
2 39 
2 6 
2 21 
2 13 
2 34 
2 20 
2 17 
2 6 
2 32 
2 3 
2 33 
2 20 
2 17 
2 12 
2 36 
2 35 
2 20 
2 34 
2 27 
2 21 
2 32 
2 4 
2 1 
2 20 
2 24 
2 13 
2 35 
2 25 
2 34 
2 39 
2 6 
2 36 
2 27 
2 43 
2 20 
2 11 
2 21 
2 1 
2 31 
2 12 
2 20 
2 27 
2 39 
2 25 
2 4 
2 32 
2 36 
2 6 
2 38 
2 37 
2 13 
2 21 
2 35 
2 39 
2 31 
2 1 
2 47 
2 18 
2 12 
2 3 
2 15 
2 4 
2 11 
2 32 
2 27 
2 38 
2 39 
2 31 
2 17 
2 4 
2 48 
2 35 
2 43 
2 6 
2 20 
2 15 
2 32 
2 38 
2 37 
2 39 
2 11 
2 47 
2 12 
2 31 
2 6 
2 32 
2 39 
2 48 
2 27 
2 38 
2 1 
2 7 
2 18 
2 32 
2 42 
2 44 
2 6 
2 20 
2 30 
2 38 
2 43 
2 7 
2 44 
2 32 
2 3 
2 33 
2 11 
2 6 
2 44 
2 17 
2 38 
2 11 
2 21 
2 30 
2 32 
2 39 
2 42 
2 6 
2 43 
2 38 
2 11 
2 7 
2 45 
2 44 
2 31 
2 27 
2 33 
2 56 
2 21 
2 24 
2 32 
2 11 
2 30 
2 15 
2 27 
2 17 
2 44 
2 39 
2 1 
2 38 
2 11 
2 27 
2 17 
2 45 
2 44 
2 20 
2 31 
2 32 
2 1 
2 11 
2 33 
2 32 
2 43 
2 23 
2 33 
2 47 
2 11 
2 6 
2 27 
2 38 
2 56 
2 23 
2 1 
2 7 
2 44 
2 45 
2 33 
2 3 
2 37 
2 42 
2 38 
2 20 
2 15 
2 7 
2 11 
2 33 
2 1 
2 32 
2 38 
2 3 
2 27 
2 44 
2 7 
2 11 
2 27 
2 6 
2 33 
2 1 
2 38 
2 32 
2 37 
2 40 
2 14 
2 18 
2 4 
2 17 
2 35 
2 1 
2 15 
2 11 
2 41 
2 47 
2 42 
2 38 
2 14 
2 23 
2 49 
2 36 
2 20 
2 20 
2 36 
2 20 
2 49 
2 49 
2 20 
2 36 
2 49 
2 14 
2 36 
2 5 
2 20 
2 31 
2 10 
2 4 
2 27 
2 7 
2 43 
2 20 
2 19 
2 43 
2 27 
2 15 
2 19 
2 38 
2 20 
2 3 
2 27 
2 15 
2 21 
2 38 
2 7 
2 1 
2 31 
2 25 
2 27 
2 1 
2 12 
2 56 
2 22 
2 35 
2 17 
2 27 
2 18 
2 9 
2 31 
2 23 
2 20 
2 12 
2 38 
2 40 
2 18 
2 27 
2 31 
2 1 
2 22 
2 55 
2 23 
2 32 
2 32 
2 42 
2 11 
2 17 
2 11 
2 9 
2 20 
2 124 
2 56 
2 9 
2 38 
2 9 
2 11 
2 59 
2 14 
2 21 
2 14 
2 27 
2 17 
2 22 
2 22 
2 1 
2 17 
2 5 
2 25 
2 31 
2 100 
2 37 
2 38 
8 11 
8 17 
8 48 
8 10 
8 12 
8 14 
8 15 
8 27 
8 25 
8 9 
8 56 
8 3 
8 22 
8 2 
8 1 
8 47 
8 11 
8 15 
8 21 
8 61 
8 24 
8 20 
8 10 
8 23 
8 2 
8 27 
8 11 
8 15 
8 5 
8 6 
8 21 
8 7 
8 20 
8 1 
8 16 
8 19 
8 9 
8 13 
8 47 
8 12 
8 14 
8 45 
8 27 
8 3 
8 25 
8 5 
8 20 
8 61 
8 19 
8 56 
8 18 
8 13 
8 24 
8 1 
8 21 
8 43 
8 3 
8 10 
8 4 
8 17 
8 16 
8 23 
8 2 
8 12 
8 7 
8 5 
8 20 
8 43 
8 45 
8 25 
8 19 
8 1 
8 11 
8 15 
8 10 
8 12 
8 14 
8 2 
8 22 
8 4 
8 23 
8 45 
8 19 
8 24 
8 13 
8 16 
8 6 
8 20 
8 7 
8 27 
8 2 
8 14 
8 9 
8 22 
8 1 
8 21 
8 16 
8 18 
8 13 
8 24 
8 12 
8 19 
8 2 
8 45 
8 22 
8 14 
8 26 
8 17 
8 11 
8 27 
8 4 
8 12 
8 21 
8 19 
8 24 
8 16 
8 6 
8 9 
8 20 
8 56 
8 7 
8 14 
8 22 
8 13 
8 40 
8 45 
8 26 
8 1 
8 55 
8 26 
8 25 
8 21 
8 13 
8 27 
8 5 
8 1 
8 12 
8 1 
8 1 
8 19 
8 14 
8 29 
8 1 
8 27 
8 48 
8 56 
8 1 
8 5 
8 23 
8 27 
8 1 
8 5 
8 1 
8 5 
8 1 
8 5 
8 1 
8 5 
8 1 
