1 2 
1 3 
1 4 
1 5 
1 6 
1 7 
1 8 
1 9 
1 10 
1 11 
1 12 
1 13 
1 14 
1 15 
1 16 
1 17 
18 19 
18 19 
20 3 
20 21 
20 22 
20 23 
24 25 
26 27 
28 29 
1 7 
29 30 
29 28 
11 31 
11 32 
11 25 
11 33 
31 11 
33 11 
1 7 
34 21 
35 3 
36 37 
36 37 
25 11 
25 24 
23 21 
36 38 
39 21 
13 3 
13 40 
13 8 
13 35 
13 41 
13 4 
42 43 
42 43 
42 43 
42 43 
42 44 
26 45 
46 21 
42 3 
16 1 
16 1 
47 48 
16 8 
47 48 
16 8 
49 42 
26 21 
49 21 
26 32 
29 22 
3 8 
3 13 
3 50 
3 35 
3 51 
3 52 
3 18 
3 53 
3 20 
50 3 
46 1 
54 17 
54 17 
3 50 
1 46 
55 56 
55 50 
8 3 
13 3 
27 42 
19 57 
42 27 
19 58 
19 50 
55 23 
19 21 
19 23 
59 2 
34 24 
39 27 
55 21 
24 34 
55 42 
35 3 
60 23 
59 2 
13 3 
18 3 
61 33 
61 23 
62 42 
62 63 
62 64 
13 3 
13 35 
13 4 
65 50 
65 23 
58 21 
3 66 
3 67 
3 8 
3 35 
3 68 
3 69 
3 17 
70 21 
25 24 
10 7 
5 71 
5 72 
5 73 
5 74 
5 11 
32 11 
10 21 
24 25 
4 13 
4 3 
51 3 
66 27 
15 27 
7 10 
7 1 
50 75 
13 15 
13 40 
75 50 
75 50 
62 15 
62 3 
62 20 
62 8 
62 33 
62 35 
11 5 
66 3 
62 3 
62 15 
62 20 
62 8 
62 33 
62 35 
15 62 
15 62 
62 3 
62 15 
62 20 
62 8 
62 33 
62 35 
15 62 
8 62 
8 62 
8 62 
62 3 
62 15 
62 20 
62 8 
62 33 
62 35 
3 62 
3 62 
35 62 
35 62 
62 3 
62 20 
62 8 
62 33 
62 35 
62 15 
15 62 
8 62 
35 62 
3 62 
35 62 
3 62 
4 16 
15 61 
15 12 
30 32 
1 46 
15 62 
76 19 
3 62 
61 15 
6 7 
6 1 
6 7 
6 1 
74 5 
67 3 
77 27 
78 23 
27 77 
79 43 
79 43 
68 48 
79 43 
79 43 
79 80 
32 15 
15 32 
33 62 
33 62 
33 62 
33 62 
3 81 
3 50 
3 27 
50 47 
20 62 
20 62 
20 62 
20 62 
68 27 
47 50 
52 3 
27 3 
35 3 
80 38 
35 62 
38 80 
50 68 
8 3 
68 50 
8 62 
82 21 
29 22 
26 25 
17 3 
26 24 
13 3 
13 8 
13 35 
13 40 
13 4 
17 56 
17 15 
17 54 
73 5 
8 13 
14 77 
54 17 
56 17 
68 74 
35 13 
68 48 
68 3 
1 73 
68 74 
73 1 
11 83 
73 1 
84 85 
84 42 
53 3 
69 86 
86 69 
84 42 
33 62 
68 85 
84 42 
33 15 
33 61 
33 15 
61 33 
12 15 
42 62 
31 21 
24 62 
24 51 
24 3 
24 8 
1 73 
76 84 
51 24 
74 1 
1 74 
64 67 
76 50 
86 57 
3 24 
4 13 
50 76 
76 50 
69 86 
3 13 
46 1 
73 5 
5 73 
26 45 
77 27 
76 19 
54 56 
21 86 
8 24 
32 87 
32 7 
86 21 
42 33 
77 27 
77 14 
21 56 
21 84 
21 88 
21 76 
21 89 
21 68 
21 86 
21 90 
21 47 
21 85 
21 69 
21 48 
76 19 
84 21 
86 21 
89 21 
48 21 
67 64 
12 31 
12 25 
47 21 
76 19 
68 21 
76 21 
77 14 
21 56 
21 69 
21 88 
21 76 
21 86 
21 90 
21 84 
21 89 
76 21 
31 12 
86 21 
89 21 
84 21 
14 77 
77 14 
45 63 
72 5 
72 15 
72 5 
72 71 
77 26 
77 15 
77 39 
77 38 
77 66 
77 24 
77 3 
27 77 
27 69 
59 69 
1 2 
2 1 
35 62 
35 3 
35 20 
27 80 
80 27 
38 34 
63 44 
38 34 
62 38 
62 20 
62 27 
62 59 
62 39 
62 69 
62 72 
62 9 
62 64 
62 15 
62 26 
62 3 
62 68 
62 91 
62 80 
62 79 
59 62 
19 86 
86 19 
33 15 
77 27 
80 62 
1 74 
45 43 
3 35 
3 62 
80 62 
9 62 
69 84 
25 12 
68 62 
79 62 
15 33 
29 63 
18 3 
18 3 
69 76 
76 50 
75 50 
50 76 
10 7 
76 50 
29 42 
74 1 
7 10 
19 66 
19 18 
19 7 
19 90 
19 1 
19 38 
19 67 
19 9 
19 17 
19 91 
74 9 
74 92 
74 14 
74 65 
74 72 
7 19 
1 19 
65 74 
76 19 
76 93 
13 1 
1 13 
14 74 
1 13 
17 1 
4 48 
1 17 
73 72 
22 94 
9 74 
3 85 
9 17 
9 19 
85 3 
15 33 
88 21 
15 33 
88 21 
15 62 
15 17 
18 19 
48 4 
48 4 
27 62 
69 84 
72 73 
72 62 
72 74 
9 66 
9 67 
13 1 
13 1 
4 48 
1 13 
33 5 
69 95 
61 96 
85 21 
13 65 
4 65 
65 13 
42 29 
12 15 
15 12 
42 22 
88 15 
88 61 
88 96 
88 12 
50 75 
65 13 
15 32 
32 15 
13 65 
26 45 
26 62 
88 61 
88 96 
88 12 
88 15 
32 30 
75 50 
32 30 
67 9 
67 9 
67 66 
67 19 
13 65 
33 15 
33 46 
33 58 
33 22 
33 42 
33 93 
83 63 
83 63 
65 13 
83 63 
83 11 
32 30 
32 97 
70 75 
20 62 
63 22 
15 33 
86 19 
86 40 
42 64 
42 63 
42 22 
42 43 
63 42 
45 62 
22 98 
75 70 
63 62 
63 45 
56 54 
63 37 
63 29 
63 83 
63 83 
63 83 
33 42 
66 19 
66 9 
98 22 
86 19 
32 7 
59 72 
74 4 
46 1 
4 74 
1 46 
32 30 
33 15 
37 63 
37 63 
90 18 
1 46 
90 21 
90 21 
69 76 
90 19 
85 68 
69 84 
68 85 
76 69 
69 84 
76 84 
99 18 
99 21 
99 93 
38 67 
1 5 
1 6 
1 7 
1 2 
1 3 
1 8 
1 9 
1 10 
1 11 
1 12 
1 13 
1 14 
1 15 
1 4 
1 16 
1 17 
18 90 
96 15 
96 61 
96 12 
33 42 
63 37 
17 19 
42 33 
100 98 
100 42 
100 21 
61 96 
39 62 
15 96 
33 42 
17 9 
3 13 
3 66 
3 67 
3 8 
3 35 
3 4 
3 68 
3 69 
3 85 
3 17 
66 3 
35 3 
54 15 
54 10 
13 3 
83 63 
29 7 
7 29 
92 74 
7 29 
17 3 
15 66 
66 15 
46 1 
29 7 
8 3 
67 3 
83 15 
83 5 
67 38 
17 15 
17 56 
17 54 
38 36 
10 54 
54 17 
42 7 
56 17 
56 88 
56 21 
56 21 
68 3 
7 42 
63 83 
32 87 
27 81 
27 101 
27 93 
27 102 
101 27 
43 42 
93 27 
13 3 
72 15 
42 33 
3 66 
42 27 
68 64 
42 7 
33 15 
87 32 
15 33 
84 85 
15 54 
15 17 
15 83 
56 54 
27 81 
54 56 
87 74 
7 22 
87 74 
87 74 
42 27 
29 23 
23 29 
29 42 
91 19 
91 62 
91 80 
15 7 
15 1 
26 32 
1 15 
7 15 
69 64 
66 3 
48 56 
91 23 
91 50 
12 96 
56 48 
91 63 
69 64 
91 64 
76 53 
103 52 
74 104 
69 76 
103 83 
15 56 
4 3 
52 103 
48 53 
42 29 
88 56 
24 25 
24 32 
32 24 
54 33 
25 24 
33 54 
76 50 
52 103 
103 52 
93 19 
56 15 
70 53 
86 68 
86 90 
86 53 
76 69 
4 81 
4 3 
4 13 
4 35 
4 27 
4 93 
4 101 
93 4 
101 4 
12 72 
12 15 
13 4 
56 81 
56 15 
56 54 
54 56 
72 12 
33 83 
56 81 
56 15 
56 54 
72 73 
72 74 
33 5 
54 15 
54 56 
33 61 
4 3 
4 35 
4 81 
4 93 
4 101 
4 27 
101 4 
93 4 
61 33 
7 80 
3 4 
59 69 
59 86 
59 84 
59 76 
59 88 
59 67 
59 94 
59 68 
59 56 
59 85 
59 89 
59 48 
59 47 
59 2 
3 4 
4 18 
27 4 
80 64 
27 4 
75 50 
69 76 
75 50 
54 56 
56 54 
64 80 
84 69 
83 33 
35 4 
83 33 
38 32 
35 4 
83 103 
56 61 
56 96 
56 15 
70 53 
52 103 
52 105 
61 56 
22 94 
105 52 
48 47 
48 47 
4 106 
103 52 
48 47 
18 4 
86 19 
94 22 
96 56 
103 105 
105 103 
3 13 
13 3 
19 18 
19 18 
94 22 
74 1 
84 42 
94 22 
18 19 
18 107 
18 108 
18 55 
18 99 
18 109 
18 110 
18 111 
18 57 
51 3 
51 35 
51 8 
59 68 
59 56 
59 84 
59 88 
59 47 
59 94 
59 69 
59 85 
59 86 
59 89 
59 48 
59 76 
59 2 
1 74 
3 51 
45 63 
19 18 
25 26 
81 56 
81 56 
81 4 
81 4 
15 56 
22 94 
47 48 
75 50 
15 12 
15 72 
1 74 
83 103 
88 18 
84 76 
63 45 
85 3 
55 18 
38 13 
38 15 
38 39 
103 83 
66 59 
85 48 
59 66 
53 31 
48 85 
72 15 
4 86 
4 35 
69 86 
64 66 
64 67 
35 4 
69 76 
73 72 
86 4 
13 35 
50 76 
76 50 
13 4 
1 85 
84 86 
84 76 
84 69 
84 89 
84 88 
86 19 
48 47 
76 50 
75 1 
1 75 
76 69 
85 1 
50 76 
76 50 
1 75 
20 35 
75 1 
47 48 
42 112 
112 42 
13 17 
72 73 
18 1 
18 7 
18 47 
8 51 
1 18 
27 3 
27 15 
27 66 
27 26 
27 13 
27 39 
27 62 
3 27 
26 27 
53 70 
1 18 
53 76 
53 48 
47 18 
7 18 
54 15 
54 61 
53 70 
15 56 
3 77 
3 8 
3 66 
66 3 
4 13 
3 8 
3 18 
3 13 
3 50 
3 53 
3 35 
3 51 
3 52 
68 85 
52 3 
8 3 
26 25 
8 3 
50 47 
26 45 
83 30 
56 15 
30 83 
68 85 
61 54 
69 84 
50 75 
47 50 
104 18 
104 109 
104 57 
39 27 
15 56 
15 56 
15 54 
75 50 
68 85 
50 75 
74 1 
53 3 
94 22 
59 94 
59 67 
21 86 
86 21 
68 85 
59 67 
59 94 
50 75 
38 37 
68 85 
38 37 
38 22 
68 85 
112 77 
69 86 
69 76 
59 67 
59 94 
86 40 
86 75 
86 49 
86 27 
86 93 
86 101 
84 69 
1 13 
1 4 
1 5 
1 6 
1 7 
1 2 
1 3 
1 8 
1 9 
1 10 
1 11 
1 12 
1 14 
1 15 
1 16 
1 17 
1 6 
1 7 
1 2 
1 10 
1 11 
1 12 
1 13 
1 4 
1 16 
1 38 
18 1 
18 104 
18 3 
13 27 
13 3 
13 35 
13 17 
13 3 
13 4 
13 17 
13 17 
35 3 
96 15 
96 61 
96 12 
33 34 
27 64 
61 96 
75 50 
75 50 
34 33 
94 2 
113 21 
64 27 
15 96 
64 27 
3 66 
3 67 
3 8 
3 35 
3 13 
3 4 
3 68 
3 85 
3 69 
3 17 
13 3 
4 3 
52 3 
8 3 
3 52 
64 42 
3 52 
3 62 
3 20 
94 9 
94 92 
94 65 
94 14 
52 3 
4 53 
35 3 
7 22 
67 3 
72 67 
12 96 
100 7 
35 13 
66 3 
50 13 
50 54 
50 15 
32 112 
53 4 
50 76 
42 64 
76 50 
76 50 
56 68 
68 3 
68 56 
68 56 
15 50 
13 50 
103 114 
15 5 
15 83 
15 61 
54 50 
27 64 
112 9 
54 50 
54 15 
43 79 
17 15 
17 54 
17 56 
17 3 
54 17 
56 17 
56 88 
104 18 
104 109 
104 57 
88 56 
42 63 
80 31 
80 67 
80 66 
66 80 
31 80 
9 112 
51 3 
7 1 
67 80 
1 7 
84 19 
77 112 
67 115 
1 38 
2 68 
2 94 
2 69 
2 56 
2 85 
2 86 
2 84 
2 89 
2 48 
2 76 
2 88 
2 47 
2 32 
2 59 
32 2 
84 2 
89 2 
59 2 
88 89 
88 69 
48 2 
88 2 
56 2 
42 64 
42 62 
47 2 
1 7 
38 22 
76 2 
3 66 
82 50 
48 4 
37 38 
54 15 
47 68 
38 66 
66 64 
50 82 
64 42 
68 47 
67 115 
26 45 
86 2 
66 38 
7 1 
18 104 
64 66 
72 67 
92 65 
92 9 
92 116 
37 38 
64 9 
9 64 
80 79 
80 18 
80 9 
80 63 
80 42 
80 104 
80 45 
80 72 
80 69 
80 68 
80 91 
80 62 
80 27 
104 80 
4 48 
4 35 
42 22 
27 80 
42 80 
76 53 
76 9 
68 2 
9 80 
68 80 
66 3 
9 14 
7 30 
7 22 
7 31 
7 38 
7 55 
7 15 
7 3 
7 51 
7 29 
7 63 
7 90 
7 35 
7 115 
7 70 
7 1 
7 27 
7 43 
7 59 
7 44 
7 81 
7 32 
7 58 
7 57 
7 83 
7 72 
7 42 
7 8 
7 24 
7 14 
7 100 
7 13 
7 20 
7 33 
7 34 
7 4 
7 45 
7 68 
7 6 
7 117 
7 74 
7 105 
7 67 
24 7 
68 7 
59 7 
1 7 
3 7 
105 7 
115 7 
58 7 
82 50 
18 80 
6 7 
45 7 
6 8 
6 8 
109 104 
79 80 
27 7 
29 7 
90 7 
109 104 
109 18 
55 7 
109 82 
4 7 
63 7 
63 80 
81 56 
81 15 
33 83 
30 7 
13 7 
42 7 
56 81 
109 18 
33 7 
35 7 
15 9 
9 15 
35 4 
68 53 
15 81 
70 7 
65 59 
4 1 
4 7 
65 59 
18 3 
18 51 
50 76 
76 50 
64 66 
30 33 
30 15 
30 54 
30 3 
30 8 
30 17 
8 7 
30 3 
30 17 
30 20 
30 35 
8 30 
74 7 
30 33 
30 15 
30 54 
30 5 
43 7 
30 39 
30 35 
64 66 
30 7 
30 32 
32 30 
24 27 
7 30 
61 15 
54 30 
54 30 
41 81 
38 32 
32 26 
38 37 
27 81 
27 32 
27 47 
27 15 
27 24 
27 26 
27 38 
27 64 
27 42 
27 117 
27 3 
27 72 
27 68 
27 69 
27 56 
27 39 
27 83 
27 80 
27 62 
27 67 
27 66 
24 27 
3 27 
84 27 
68 62 
94 83 
94 26 
94 59 
94 30 
64 27 
33 30 
68 27 
53 76 
42 27 
64 42 
94 2 
3 8 
3 52 
3 18 
3 53 
3 50 
3 35 
3 51 
3 13 
3 20 
3 83 
72 80 
42 64 
52 3 
53 68 
53 3 
32 27 
38 63 
38 22 
3 30 
56 27 
3 30 
3 18 
8 3 
83 63 
83 7 
15 56 
59 9 
59 14 
59 67 
56 15 
15 7 
47 68 
33 15 
33 61 
33 118 
33 5 
33 117 
13 3 
15 17 
15 54 
61 33 
3 77 
3 66 
3 18 
3 51 
67 59 
67 7 
67 27 
38 37 
38 36 
38 1 
83 63 
18 3 
18 3 
8 1 
8 7 
1 8 
35 30 
39 27 
39 30 
7 8 
27 66 
27 3 
27 56 
27 39 
27 38 
27 80 
27 64 
27 67 
27 15 
27 72 
27 68 
27 69 
27 90 
27 62 
27 24 
27 26 
27 83 
27 25 
27 31 
27 42 
27 9 
39 29 
80 27 
27 24 
3 27 
66 80 
66 80 
35 30 
47 27 
66 80 
66 80 
56 27 
66 27 
64 42 
66 27 
66 64 
39 27 
20 7 
25 27 
3 35 
3 20 
3 50 
3 8 
3 51 
3 52 
3 18 
3 13 
3 53 
20 13 
20 3 
52 3 
20 3 
3 20 
38 37 
38 36 
68 53 
68 27 
68 47 
54 15 
39 27 
35 1 
35 7 
35 3 
42 27 
63 83 
63 83 
1 35 
35 51 
66 67 
66 3 
42 79 
42 87 
42 112 
42 22 
42 98 
42 37 
42 63 
27 39 
42 43 
42 64 
7 35 
100 7 
68 53 
22 42 
112 42 
38 37 
53 3 
3 35 
37 38 
9 67 
9 66 
67 27 
67 9 
37 42 
48 53 
88 61 
88 96 
88 12 
88 15 
42 64 
59 67 
47 50 
9 27 
66 9 
35 1 
35 7 
35 3 
38 62 
3 35 
1 35 
90 27 
50 47 
87 42 
13 20 
38 37 
13 3 
15 54 
90 64 
85 2 
10 7 
15 54 
15 54 
15 33 
31 27 
64 90 
7 10 
47 50 
81 41 
31 7 
51 7 
51 18 
54 15 
85 3 
7 10 
51 3 
51 3 
51 3 
27 90 
26 27 
53 68 
53 48 
26 27 
26 24 
26 32 
81 88 
81 27 
24 27 
37 38 
10 7 
26 32 
53 84 
38 30 
27 81 
23 45 
45 23 
88 81 
38 37 
13 17 
37 38 
29 39 
38 37 
17 30 
17 30 
8 3 
38 37 
18 3 
70 75 
54 29 
54 56 
54 27 
54 15 
54 61 
54 96 
54 119 
54 120 
54 88 
54 39 
61 54 
29 54 
20 3 
20 62 
76 19 
15 30 
15 30 
84 86 
96 54 
39 54 
69 62 
88 54 
56 54 
68 7 
68 85 
59 9 
59 14 
27 54 
79 43 
33 30 
72 9 
72 92 
72 14 
72 65 
76 13 
83 27 
83 3 
83 27 
59 9 
59 14 
64 80 
72 71 
72 74 
72 73 
92 65 
3 83 
43 42 
15 7 
15 1 
67 66 
1 15 
80 27 
67 66 
67 80 
42 87 
42 43 
42 37 
7 15 
34 7 
42 112 
42 22 
22 42 
42 22 
15 27 
15 27 
62 27 
15 27 
84 19 
69 76 
69 84 
45 80 
38 1 
7 35 
83 3 
38 72 
38 7 
38 36 
38 69 
38 68 
38 56 
15 54 
38 9 
15 54 
15 66 
9 66 
9 67 
67 9 
9 14 
9 65 
9 92 
65 9 
66 9 
9 67 
9 66 
67 9 
66 15 
84 53 
84 40 
66 9 
22 2 
85 68 
13 76 
13 4 
40 13 
40 84 
18 55 
18 107 
18 108 
18 110 
18 57 
18 109 
18 99 
18 111 
18 19 
13 40 
4 13 
35 3 
35 3 
96 15 
96 61 
96 12 
27 62 
87 42 
87 42 
13 40 
61 96 
33 5 
33 15 
33 12 
33 61 
33 117 
33 118 
61 33 
55 18 
92 9 
72 27 
72 27 
1 10 
1 7 
7 1 
1 10 
1 7 
1 10 
1 7 
33 117 
63 22 
63 42 
63 98 
3 66 
3 8 
3 35 
3 13 
3 4 
3 67 
3 68 
3 69 
3 17 
98 63 
13 3 
17 3 
2 22 
12 33 
7 1 
7 1 
35 3 
10 1 
10 1 
10 1 
15 96 
15 33 
14 7 
7 14 
14 32 
32 14 
42 63 
120 54 
50 27 
50 3 
24 45 
45 24 
53 84 
7 68 
45 63 
12 96 
66 3 
15 12 
15 61 
12 15 
4 3 
61 15 
3 50 
33 83 
101 93 
93 101 
17 15 
17 56 
17 54 
15 17 
56 17 
56 88 
68 85 
76 13 
76 13 
88 56 
54 17 
63 45 
1 10 
1 7 
7 1 
10 1 
35 81 
8 3 
13 70 
69 84 
59 69 
59 84 
59 89 
59 76 
59 47 
59 94 
59 68 
59 56 
59 85 
59 86 
59 48 
59 88 
59 2 
68 53 
69 86 
69 68 
69 84 
69 76 
69 72 
80 18 
18 80 
20 13 
13 20 
84 40 
68 7 
54 15 
56 94 
79 42 
84 53 
3 81 
20 3 
43 42 
20 3 
20 30 
69 84 
38 1 
20 28 
32 7 
76 53 
70 13 
15 54 
83 18 
70 4 
18 83 
22 7 
7 22 
27 50 
38 1 
83 15 
20 35 
94 9 
94 92 
94 65 
94 14 
80 18 
21 76 
18 80 
76 21 
53 84 
1 38 
53 76 
92 65 
65 9 
90 27 
9 65 
4 70 
9 38 
38 36 
19 57 
19 57 
19 57 
19 57 
90 64 
94 56 
94 92 
94 65 
94 14 
94 9 
36 9 
36 38 
75 50 
59 67 
68 3 
32 87 
68 7 
9 36 
31 25 
80 72 
80 69 
80 59 
80 66 
50 48 
66 80 
64 80 
64 80 
24 26 
24 83 
24 15 
24 66 
42 79 
48 50 
42 43 
59 80 
26 24 
31 25 
13 121 
36 38 
3 13 
3 50 
3 53 
3 51 
3 52 
3 8 
3 35 
3 20 
4 13 
4 69 
52 3 
13 4 
50 27 
13 3 
121 106 
86 4 
86 70 
4 13 
4 86 
4 69 
4 35 
2 94 
86 4 
94 2 
13 4 
53 3 
35 3 
8 3 
38 1 
38 1 
18 80 
59 80 
59 66 
59 67 
80 18 
21 88 
88 21 
72 80 
45 63 
42 27 
15 24 
88 15 
15 88 
88 15 
18 115 
18 19 
115 18 
1 7 
19 18 
7 1 
84 53 
76 50 
6 106 
53 84 
25 31 
31 25 
50 76 
76 50 
92 65 
92 9 
92 116 
92 65 
92 9 
92 116 
92 65 
92 9 
92 116 
7 68 
38 72 
38 9 
38 56 
38 68 
38 69 
68 7 
115 67 
88 81 
88 27 
54 12 
12 54 
72 80 
27 50 
69 84 
92 65 
92 9 
92 116 
92 65 
92 9 
92 116 
70 48 
70 68 
48 70 
35 4 
64 113 
64 23 
23 64 
35 3 
70 53 
59 95 
3 35 
18 69 
70 104 
70 95 
70 87 
70 112 
70 13 
70 82 
70 49 
112 70 
87 70 
13 70 
70 40 
70 38 
70 36 
38 70 
104 70 
3 35 
3 51 
3 8 
27 80 
59 72 
59 67 
18 37 
18 27 
18 38 
18 1 
38 18 
37 18 
37 18 
1 18 
18 55 
18 19 
18 37 
35 3 
19 18 
13 17 
82 70 
35 20 
20 3 
79 65 
79 92 
80 90 
13 3 
72 15 
15 88 
88 15 
3 13 
8 3 
95 70 
3 50 
49 70 
59 80 
59 66 
59 67 
68 7 
50 3 
50 53 
50 75 
3 50 
38 37 
76 53 
63 45 
86 50 
3 13 
90 80 
90 68 
90 85 
55 18 
75 50 
92 9 
92 65 
92 116 
15 88 
27 18 
83 24 
104 18 
104 109 
104 57 
104 18 
104 109 
104 57 
38 37 
68 90 
88 15 
68 50 
17 13 
50 68 
68 85 
68 50 
85 90 
85 18 
86 59 
86 69 
86 94 
69 76 
84 80 
84 69 
69 86 
69 80 
69 68 
108 18 
108 18 
84 69 
108 18 
108 18 
111 70 
38 1 
68 70 
68 67 
68 66 
68 3 
68 72 
68 15 
68 9 
68 65 
68 92 
68 69 
68 56 
77 22 
3 13 
18 85 
13 3 
18 104 
18 55 
18 104 
18 55 
13 65 
13 3 
13 8 
13 40 
96 15 
96 61 
96 12 
121 13 
4 65 
3 13 
3 13 
3 4 
3 8 
3 35 
8 13 
35 3 
8 3 
13 3 
109 104 
110 18 
110 18 
109 104 
61 96 
14 31 
4 3 
15 72 
15 96 
4 13 
13 4 
55 18 
72 15 
55 18 
50 86 
86 50 
3 67 
3 8 
3 4 
3 68 
3 69 
3 17 
3 66 
3 35 
3 13 
3 85 
4 3 
8 3 
27 18 
13 3 
18 27 
19 57 
19 93 
113 64 
17 3 
66 3 
83 63 
22 2 
12 96 
2 22 
66 24 
31 14 
31 14 
31 63 
31 42 
12 72 
12 15 
54 15 
15 54 
72 12 
53 50 
13 3 
15 12 
53 70 
72 15 
72 12 
72 71 
72 73 
72 5 
72 117 
72 74 
93 84 
68 3 
72 73 
72 74 
72 12 
72 71 
72 73 
72 5 
72 117 
72 74 
72 15 
17 15 
17 56 
17 54 
56 17 
62 15 
62 3 
62 39 
62 113 
54 17 
59 69 
59 56 
59 86 
59 68 
59 85 
59 84 
59 89 
59 48 
59 76 
59 88 
59 47 
59 67 
59 94 
59 2 
86 59 
113 62 
56 88 
63 83 
63 31 
25 9 
61 15 
67 66 
67 9 
35 3 
59 88 
59 47 
59 68 
59 69 
59 56 
59 85 
59 86 
59 84 
59 89 
59 48 
59 76 
59 94 
59 2 
88 56 
25 26 
84 93 
20 13 
81 35 
35 81 
8 62 
26 25 
35 81 
42 31 
84 94 
84 69 
84 59 
81 35 
81 41 
39 62 
76 50 
39 29 
39 120 
39 119 
39 28 
39 122 
8 51 
8 1 
8 7 
68 48 
68 47 
68 85 
1 8 
14 31 
72 115 
13 20 
81 88 
81 27 
109 18 
9 66 
9 67 
88 81 
92 65 
65 13 
1 37 
1 36 
74 31 
31 74 
31 74 
36 1 
3 62 
7 8 
37 1 
29 39 
3 51 
3 18 
3 8 
3 35 
3 52 
3 50 
3 83 
3 20 
52 3 
66 9 
1 7 
7 1 
29 50 
18 3 
27 81 
27 77 
19 57 
18 3 
18 3 
3 18 
58 33 
58 106 
58 83 
58 54 
58 117 
58 29 
58 23 
58 46 
58 4 
3 18 
69 84 
15 17 
13 121 
54 58 
56 88 
29 58 
15 62 
15 61 
74 31 
33 21 
121 13 
50 76 
50 29 
94 14 
94 92 
94 65 
94 9 
67 3 
88 56 
67 80 
67 9 
67 3 
56 88 
59 2 
59 94 
46 58 
76 50 
106 58 
28 39 
76 69 
70 48 
70 68 
34 24 
33 58 
24 34 
88 56 
42 63 
67 115 
29 50 
83 67 
83 3 
83 58 
29 50 
50 29 
29 50 
4 58 
69 84 
35 3 
20 8 
20 3 
30 25 
25 30 
30 45 
92 65 
92 9 
92 116 
84 69 
42 9 
42 14 
8 3 
8 20 
4 106 
85 3 
32 52 
32 105 
8 51 
52 32 
27 18 
51 3 
48 70 
18 27 
51 3 
8 3 
3 8 
51 8 
51 3 
27 84 
84 27 
51 8 
27 84 
27 81 
27 84 
27 81 
84 27 
84 27 
81 27 
81 27 
115 67 
15 88 
15 56 
56 15 
88 15 
68 47 
68 47 
68 70 
9 67 
9 66 
53 76 
27 66 
68 47 
45 30 
122 39 
47 68 
68 47 
48 68 
9 3 
9 13 
43 42 
43 42 
43 45 
43 79 
76 123 
43 79 
68 48 
45 43 
56 15 
69 59 
3 9 
93 84 
67 83 
18 107 
18 108 
18 109 
18 110 
18 99 
18 111 
18 55 
18 57 
67 9 
123 76 
84 93 
67 115 
1 59 
1 94 
19 76 
79 43 
94 86 
94 84 
94 48 
94 76 
94 59 
94 79 
94 68 
94 69 
94 56 
94 85 
94 89 
94 88 
94 47 
94 2 
86 94 
55 18 
94 1 
94 68 
94 69 
94 56 
94 85 
94 89 
94 76 
94 88 
94 47 
94 59 
94 86 
94 84 
94 48 
42 43 
42 43 
3 13 
3 9 
45 24 
9 3 
24 45 
68 85 
24 45 
45 24 
90 80 
45 70 
45 1 
45 87 
45 18 
45 56 
45 69 
45 42 
45 36 
45 103 
45 106 
45 46 
45 35 
45 107 
45 24 
45 88 
45 115 
45 97 
45 27 
45 119 
45 123 
45 43 
45 47 
45 61 
45 93 
45 30 
45 25 
45 85 
45 53 
45 44 
45 124 
45 22 
45 59 
45 125 
45 102 
45 82 
45 52 
45 81 
45 98 
45 50 
45 39 
45 32 
45 58 
45 57 
45 75 
45 126 
45 83 
45 127 
45 71 
45 96 
45 72 
45 37 
45 9 
45 92 
45 8 
45 128 
45 108 
45 95 
45 84 
45 110 
45 49 
45 41 
45 64 
45 77 
45 14 
45 31 
45 118 
45 129 
45 73 
45 100 
45 130 
45 109 
45 76 
45 63 
45 54 
45 80 
45 116 
45 38 
45 13 
45 28 
45 99 
45 55 
45 12 
45 15 
45 20 
45 26 
45 33 
45 7 
45 131 
45 34 
45 3 
45 62 
45 94 
45 104 
45 89 
45 5 
45 17 
45 4 
45 51 
45 11 
45 132 
45 66 
45 29 
45 78 
45 48 
45 133 
45 111 
45 68 
45 79 
45 16 
45 2 
45 120 
45 40 
45 65 
45 134 
45 86 
45 67 
45 60 
45 6 
45 121 
45 91 
45 117 
45 74 
45 112 
45 21 
45 135 
45 23 
45 10 
45 136 
45 19 
45 90 
45 113 
45 114 
45 105 
45 101 
45 122 
45 93 
45 27 
45 85 
45 37 
45 36 
45 101 
45 68 
86 45 
38 45 
45 38 
45 1 
45 37 
19 18 
112 45 
3 45 
85 45 
1 45 
76 45 
19 45 
93 45 
104 45 
12 45 
53 45 
48 45 
7 45 
88 45 
84 45 
30 45 
1 112 
53 70 
53 4 
21 45 
76 19 
54 45 
28 45 
24 45 
113 45 
32 45 
31 45 
123 45 
68 45 
98 45 
74 45 
113 18 
65 45 
61 45 
59 45 
59 1 
52 45 
8 45 
95 45 
3 13 
3 9 
69 76 
9 45 
9 3 
9 25 
81 45 
47 45 
76 123 
76 123 
83 45 
69 76 
92 65 
92 9 
92 116 
92 65 
92 9 
92 116 
92 65 
92 9 
92 116 
92 65 
92 9 
92 116 
85 90 
69 76 
112 1 
84 86 
86 84 
84 86 
84 86 
84 86 
38 80 
67 45 
137 97 
138 47 
139 57 
137 97 
140 122 
137 97 
141 104 
142 86 
140 122 
143 80 
144 38 
129 129 
141 104 
142 86 
137 97 
145 68 
146 59 
147 146 
146 59 
148 84 
141 104 
142 86 
139 57 
138 47 
144 38 
140 122 
139 57 
143 80 
138 47 
145 68 
146 59 
147 146 
146 59 
148 84 
129 129 
77 27 
25 45 
6 45 
20 45 
13 9 
13 3 
13 3 
13 45 
16 45 
57 7 
57 18 
4 45 
57 104 
57 104 
57 18 
57 19 
57 19 
57 18 
57 45 
101 45 
57 19 
51 24 
87 45 
96 15 
96 61 
96 12 
99 45 
99 18 
27 45 
99 18 
99 18 
27 81 
27 53 
27 3 
27 35 
2 45 
29 45 
61 96 
42 45 
44 7 
105 32 
105 45 
50 3 
50 8 
50 53 
33 45 
3 27 
34 45 
71 5 
15 61 
15 96 
61 15 
71 57 
15 61 
71 45 
35 27 
75 45 
61 15 
53 50 
53 27 
3 50 
26 45 
60 45 
44 45 
49 45 
39 45 
103 45 
17 45 
23 45 
23 58 
63 45 
46 45 
82 45 
55 45 
96 45 
79 45 
122 45 
121 45 
70 45 
63 64 
64 63 
32 25 
13 9 
13 72 
13 3 
3 13 
32 25 
73 45 
42 27 
10 45 
42 27 
3 66 
3 67 
3 8 
3 35 
3 13 
3 4 
3 68 
3 85 
3 69 
3 17 
13 3 
4 3 
17 3 
56 45 
66 3 
66 45 
13 3 
66 9 
66 27 
58 29 
58 33 
58 95 
58 106 
58 83 
58 23 
58 46 
58 43 
8 3 
23 58 
58 54 
8 50 
58 45 
66 27 
59 104 
59 95 
104 60 
104 26 
104 32 
33 58 
95 58 
67 3 
42 64 
27 42 
32 104 
39 62 
14 32 
32 14 
32 25 
27 42 
54 58 
9 13 
26 104 
42 27 
26 45 
15 66 
42 27 
70 53 
76 53 
70 48 
70 68 
80 84 
71 72 
71 5 
71 15 
71 73 
66 15 
17 56 
17 15 
17 54 
27 42 
56 17 
71 42 
25 32 
56 88 
71 21 
5 30 
9 13 
5 33 
5 33 
13 9 
13 9 
68 3 
5 15 
5 33 
5 83 
5 33 
60 104 
5 45 
88 56 
13 9 
54 17 
88 89 
68 70 
61 54 
54 61 
29 58 
46 37 
46 36 
68 48 
68 70 
54 61 
53 35 
53 3 
84 80 
53 70 
54 15 
83 58 
61 54 
35 3 
35 45 
86 84 
77 15 
83 23 
23 83 
95 87 
121 106 
87 95 
69 84 
64 42 
64 80 
64 63 
64 43 
42 64 
118 33 
90 85 
63 64 
117 24 
117 26 
57 104 
41 45 
57 104 
41 81 
2 6 
48 70 
90 45 
69 76 
45 86 
6 2 
45 64 
45 117 
45 11 
45 27 
45 115 
45 62 
45 68 
45 53 
15 17 
15 54 
53 45 
41 81 
68 47 
68 45 
14 77 
83 33 
83 23 
7 10 
86 45 
72 13 
92 65 
92 9 
92 116 
9 67 
9 66 
3 13 
23 83 
33 83 
81 41 
50 41 
50 52 
13 3 
27 45 
52 50 
27 45 
77 14 
50 13 
13 50 
70 1 
77 14 
95 87 
26 117 
87 95 
8 20 
50 13 
77 45 
118 45 
118 33 
21 84 
84 21 
59 95 
6 106 
32 104 
66 67 
90 47 
47 90 
84 69 
51 45 
62 45 
13 50 
69 53 
24 117 
4 106 
25 30 
88 27 
88 81 
13 3 
13 8 
13 50 
13 40 
21 84 
53 3 
53 50 
53 35 
53 52 
81 88 
81 27 
84 21 
9 67 
9 66 
84 69 
88 81 
88 81 
27 81 
53 69 
15 62 
48 47 
62 15 
47 48 
45 62 
86 40 
86 93 
86 101 
86 27 
45 63 
45 63 
69 86 
20 8 
20 62 
20 3 
69 86 
85 48 
85 3 
47 55 
84 86 
47 50 
80 64 
30 25 
25 26 
26 25 
55 47 
50 47 
47 50 
84 50 
3 20 
64 67 
67 64 
50 84 
84 50 
25 45 
45 25 
67 9 
63 45 
67 66 
63 45 
67 9 
64 9 
64 67 
24 60 
67 64 
3 50 
3 13 
3 66 
3 128 
3 35 
3 52 
3 53 
3 51 
52 3 
66 9 
66 3 
72 67 
66 9 
53 13 
53 3 
31 24 
60 24 
89 45 
60 104 
13 3 
45 27 
70 48 
70 68 
104 60 
34 103 
80 27 
34 103 
103 34 
103 34 
48 70 
21 56 
56 21 
9 32 
32 9 
83 63 
83 63 
83 63 
37 72 
72 37 
72 15 
83 63 
86 40 
71 31 
72 71 
46 58 
68 70 
72 59 
69 84 
59 67 
81 35 
72 59 
83 15 
69 84 
48 85 
59 67 
72 67 
59 72 
59 67 
59 68 
59 85 
59 86 
59 84 
59 89 
59 48 
59 76 
59 47 
59 69 
59 56 
59 88 
59 67 
9 64 
84 93 
84 101 
84 27 
1 70 
1 70 
1 8 
1 5 
1 6 
1 7 
1 2 
1 3 
1 9 
1 10 
1 11 
1 12 
1 13 
1 14 
1 15 
1 4 
1 16 
1 17 
96 15 
96 61 
96 12 
101 84 
35 81 
35 3 
100 45 
13 3 
13 50 
13 53 
83 87 
87 83 
61 96 
2 94 
3 13 
94 45 
15 83 
94 92 
94 65 
94 14 
94 9 
15 96 
27 3 
27 15 
27 39 
27 26 
27 66 
27 13 
27 62 
13 27 
15 27 
13 8 
13 35 
26 27 
63 83 
63 83 
63 83 
63 83 
53 13 
39 27 
35 13 
106 58 
3 13 
3 66 
3 67 
3 72 
3 8 
3 35 
3 4 
3 68 
3 69 
3 17 
106 45 
3 27 
35 3 
17 3 
3 8 
3 35 
3 4 
3 51 
3 52 
3 50 
3 53 
3 18 
35 3 
13 3 
52 3 
94 2 
53 50 
18 3 
65 94 
8 13 
8 3 
8 3 
12 96 
53 3 
66 3 
72 3 
3 20 
4 3 
9 67 
9 66 
4 3 
43 45 
43 64 
12 96 
84 101 
66 9 
84 81 
67 9 
67 3 
59 89 
59 76 
59 68 
59 69 
59 56 
59 85 
59 86 
59 84 
59 48 
59 88 
59 47 
59 94 
59 2 
32 104 
32 66 
104 60 
30 36 
30 37 
26 45 
45 63 
17 56 
17 15 
17 54 
15 17 
54 17 
76 50 
92 45 
92 65 
47 50 
92 65 
68 3 
71 72 
71 73 
71 74 
115 45 
56 72 
56 17 
115 67 
115 45 
72 56 
70 50 
70 53 
67 115 
66 77 
84 50 
97 14 
47 68 
56 94 
47 68 
47 50 
53 70 
60 104 
26 45 
72 117 
63 45 
59 95 
77 66 
50 84 
32 9 
8 83 
43 58 
42 22 
52 103 
60 104 
103 52 
43 42 
43 64 
43 21 
43 6 
43 81 
21 43 
43 29 
43 6 
43 21 
43 81 
43 95 
43 58 
29 43 
104 60 
21 43 
90 27 
76 89 
95 43 
26 87 
68 47 
68 47 
84 50 
94 56 
70 50 
21 75 
21 7 
21 10 
21 88 
21 89 
6 43 
7 21 
1 2 
13 41 
13 40 
89 21 
2 1 
13 16 
70 50 
92 65 
92 9 
92 116 
42 22 
89 88 
89 48 
89 75 
89 56 
15 83 
56 89 
48 89 
16 13 
83 15 
56 88 
42 22 
68 13 
32 27 
42 43 
27 90 
44 38 
44 1 
38 44 
10 21 
1 44 
90 84 
90 69 
84 90 
88 56 
83 8 
88 89 
15 62 
88 21 
77 66 
84 69 
35 83 
70 95 
70 104 
70 14 
70 87 
70 112 
95 70 
72 14 
72 67 
72 68 
72 9 
72 92 
72 65 
72 69 
87 70 
70 32 
70 27 
70 30 
70 47 
70 31 
70 73 
70 62 
70 74 
70 105 
31 70 
32 70 
70 42 
70 63 
9 67 
70 36 
70 38 
9 67 
9 66 
104 70 
27 87 
27 70 
81 43 
14 70 
112 70 
67 9 
67 9 
112 29 
121 106 
53 3 
81 43 
29 112 
13 68 
29 112 
68 13 
66 9 
17 9 
72 56 
47 70 
74 70 
47 48 
50 3 
3 50 
27 62 
50 53 
53 50 
3 13 
3 8 
13 3 
87 27 
30 70 
38 1 
112 29 
64 67 
63 70 
105 70 
92 65 
92 9 
92 116 
73 70 
3 51 
3 8 
3 35 
42 70 
6 43 
68 85 
9 67 
9 66 
9 17 
6 36 
6 37 
8 3 
8 3 
77 66 
14 80 
14 68 
14 64 
14 59 
14 90 
14 69 
14 9 
74 27 
64 14 
68 59 
68 94 
68 14 
45 30 
14 59 
30 45 
90 14 
48 47 
42 18 
76 27 
67 9 
9 14 
35 3 
80 115 
50 3 
50 13 
50 8 
50 53 
50 52 
50 66 
50 26 
3 50 
53 50 
52 50 
115 80 
13 50 
62 71 
71 62 
69 84 
27 76 
76 27 
66 9 
20 3 
66 50 
45 77 
62 27 
69 13 
69 4 
92 65 
33 5 
18 42 
92 74 
76 13 
13 15 
80 67 
30 26 
30 25 
15 13 
15 61 
15 12 
26 50 
84 27 
10 43 
93 88 
12 15 
26 45 
26 30 
88 93 
26 45 
84 27 
9 67 
9 66 
7 1 
61 15 
67 9 
76 27 
8 50 
76 50 
84 69 
83 35 
1 7 
7 1 
71 72 
50 70 
67 80 
59 67 
47 50 
76 50 
15 62 
69 27 
59 9 
59 14 
77 45 
25 30 
27 74 
96 15 
96 61 
96 12 
61 96 
70 50 
62 15 
50 3 
50 53 
3 50 
3 13 
15 62 
62 15 
15 96 
70 48 
70 68 
13 3 
20 35 
72 62 
3 66 
3 35 
3 13 
3 4 
3 67 
3 8 
3 68 
3 69 
3 17 
35 20 
13 3 
48 70 
13 35 
13 4 
4 3 
12 96 
32 27 
66 3 
66 9 
53 50 
44 80 
67 3 
17 3 
8 3 
35 62 
32 24 
32 26 
35 3 
24 32 
4 13 
14 77 
7 43 
83 37 
83 36 
75 50 
17 56 
17 15 
17 54 
56 17 
56 88 
88 56 
54 117 
35 62 
50 75 
54 17 
30 25 
15 17 
76 40 
25 30 
119 45 
119 54 
119 39 
14 97 
14 97 
14 97 
14 97 
97 14 
77 14 
31 26 
40 41 
27 32 
117 58 
58 117 
12 15 
15 12 
75 50 
68 70 
22 6 
68 3 
77 14 
80 27 
93 6 
51 3 
56 88 
76 40 
1 90 
123 79 
103 105 
103 37 
103 36 
103 52 
105 103 
52 103 
37 43 
37 25 
37 50 
37 83 
37 72 
37 103 
37 106 
37 46 
37 35 
37 107 
37 115 
37 70 
37 97 
37 1 
37 87 
37 84 
37 76 
37 27 
37 119 
37 123 
37 47 
37 61 
37 93 
37 30 
37 85 
37 53 
37 44 
37 124 
37 22 
37 59 
37 125 
37 102 
37 52 
37 81 
37 98 
37 18 
37 38 
37 56 
37 39 
37 32 
37 58 
37 57 
37 69 
37 75 
37 126 
37 127 
37 71 
37 96 
37 42 
37 36 
37 9 
37 92 
37 8 
37 128 
37 108 
37 24 
37 95 
37 110 
37 49 
37 41 
37 64 
37 77 
37 14 
37 31 
37 118 
37 129 
37 73 
37 100 
37 130 
37 109 
37 88 
37 65 
37 86 
37 116 
37 13 
37 28 
37 99 
37 55 
37 12 
37 15 
37 20 
37 26 
37 33 
37 7 
37 131 
37 34 
37 82 
37 3 
37 62 
37 104 
37 89 
37 5 
37 105 
37 17 
37 4 
37 51 
37 11 
37 132 
37 66 
37 29 
37 78 
37 48 
37 133 
37 111 
37 45 
37 68 
37 79 
37 16 
37 63 
37 2 
37 120 
37 54 
37 40 
37 134 
37 67 
37 60 
37 6 
37 121 
37 91 
37 117 
37 74 
37 80 
37 112 
37 21 
37 135 
37 23 
37 10 
37 136 
37 19 
37 90 
37 113 
37 114 
37 101 
37 122 
37 94 
38 37 
113 37 
67 59 
24 37 
21 37 
101 37 
32 37 
93 37 
3 37 
67 37 
2 37 
52 37 
76 37 
1 37 
26 37 
23 37 
25 37 
12 37 
44 37 
50 76 
30 37 
105 37 
76 50 
19 37 
95 37 
54 37 
9 37 
103 37 
61 37 
76 50 
87 37 
56 37 
57 37 
86 37 
29 37 
48 37 
88 37 
68 37 
89 37 
7 37 
59 37 
123 37 
42 37 
18 37 
112 37 
88 56 
73 37 
53 37 
28 37 
75 37 
21 72 
26 32 
50 40 
50 13 
50 76 
76 50 
74 37 
71 73 
47 37 
79 123 
50 76 
76 50 
79 37 
76 50 
50 76 
76 50 
76 50 
14 77 
14 37 
31 37 
6 93 
6 37 
92 65 
92 9 
92 116 
55 37 
70 37 
83 37 
50 47 
15 37 
96 37 
20 37 
90 1 
65 37 
90 37 
47 50 
64 80 
92 37 
43 37 
76 53 
98 37 
77 14 
34 37 
63 37 
10 37 
106 37 
115 37 
77 66 
50 76 
16 37 
49 37 
76 50 
82 37 
47 68 
59 2 
57 86 
92 65 
92 9 
92 116 
35 37 
86 57 
6 106 
6 22 
88 89 
92 65 
4 37 
59 67 
59 72 
47 48 
35 13 
47 50 
4 106 
51 3 
51 3 
51 37 
3 77 
45 37 
45 36 
62 98 
66 37 
13 50 
13 37 
8 37 
26 87 
72 37 
72 21 
76 69 
68 47 
86 57 
86 35 
86 93 
86 101 
86 27 
59 67 
58 37 
13 3 
13 66 
45 37 
78 37 
84 69 
78 45 
84 69 
84 69 
72 59 
72 80 
86 53 
72 7 
84 69 
85 37 
75 21 
84 69 
41 50 
21 76 
41 13 
41 40 
85 48 
41 37 
76 21 
76 27 
94 14 
94 9 
94 65 
94 92 
14 31 
2 6 
25 103 
50 47 
48 85 
48 68 
76 13 
68 48 
77 3 
31 14 
77 37 
21 47 
21 85 
21 56 
21 69 
21 84 
21 76 
21 48 
21 68 
21 86 
21 88 
21 89 
21 90 
86 21 
48 21 
88 21 
76 21 
56 21 
59 67 
77 81 
77 3 
68 21 
27 80 
27 37 
33 37 
85 21 
47 50 
47 21 
53 68 
124 37 
77 66 
21 72 
6 2 
72 21 
72 80 
72 59 
68 48 
24 66 
24 3 
24 51 
24 26 
24 60 
53 68 
86 53 
69 76 
3 24 
37 66 
66 37 
59 9 
2 6 
89 21 
84 69 
121 37 
50 47 
45 112 
112 45 
75 89 
71 74 
66 9 
112 29 
27 25 
27 25 
27 25 
105 103 
29 112 
6 2 
45 112 
112 45 
25 27 
17 37 
25 66 
25 27 
25 66 
25 27 
25 66 
103 105 
9 66 
92 9 
92 65 
92 116 
92 65 
92 9 
92 116 
94 37 
92 65 
92 9 
92 116 
92 65 
92 9 
92 116 
47 50 
94 65 
94 92 
94 9 
94 14 
26 24 
70 53 
88 15 
88 56 
25 31 
25 31 
62 98 
25 31 
62 98 
70 53 
31 25 
31 25 
31 25 
62 98 
62 22 
62 22 
9 67 
9 66 
66 67 
66 25 
66 25 
66 25 
67 9 
90 64 
90 21 
2 59 
67 66 
45 26 
22 38 
38 22 
76 84 
59 2 
47 68 
86 102 
86 4 
86 70 
86 19 
84 76 
76 69 
68 47 
72 80 
66 67 
67 66 
72 64 
80 67 
67 80 
32 9 
80 66 
80 67 
67 80 
90 1 
66 67 
9 67 
9 66 
67 66 
67 9 
69 76 
90 18 
40 61 
96 15 
96 61 
96 12 
26 45 
100 37 
61 40 
61 96 
71 37 
18 90 
70 75 
33 61 
33 118 
33 15 
33 5 
33 117 
94 65 
94 14 
94 92 
94 9 
61 33 
60 37 
39 37 
98 62 
60 24 
98 22 
98 62 
98 22 
98 62 
98 22 
98 62 
98 22 
29 22 
3 66 
3 13 
3 4 
3 85 
3 17 
3 67 
3 8 
3 35 
3 68 
3 69 
29 46 
29 23 
29 34 
13 3 
23 29 
15 96 
15 33 
29 23 
35 3 
4 3 
51 24 
26 87 
50 51 
50 3 
50 35 
50 8 
50 53 
50 18 
3 50 
35 50 
75 70 
8 3 
8 50 
13 3 
27 3 
27 53 
27 81 
3 27 
46 29 
3 35 
23 29 
86 19 
35 3 
67 3 
66 3 
66 9 
34 29 
51 50 
53 27 
88 89 
53 3 
53 50 
13 17 
17 3 
17 56 
17 15 
17 54 
56 17 
56 88 
88 56 
54 17 
43 42 
76 19 
59 9 
42 43 
53 86 
53 86 
53 70 
53 70 
67 66 
74 72 
18 50 
68 3 
64 63 
66 27 
66 9 
9 66 
63 64 
15 17 
119 37 
38 36 
38 37 
13 3 
87 37 
87 36 
63 74 
86 94 
66 9 
27 66 
93 70 
94 2 
94 86 
74 71 
74 63 
9 66 
70 93 
70 93 
66 9 
9 66 
93 70 
40 50 
45 26 
26 45 
66 9 
61 96 
87 37 
87 36 
66 80 
14 97 
97 14 
96 61 
72 74 
13 4 
121 106 
56 48 
31 25 
44 81 
44 27 
57 86 
81 44 
50 76 
76 50 
71 72 
71 74 
71 73 
96 61 
61 96 
86 57 
66 24 
32 66 
66 32 
8 13 
13 8 
54 15 
15 33 
15 54 
86 18 
26 66 
117 33 
15 61 
15 12 
61 15 
54 15 
54 56 
15 54 
33 117 
33 15 
56 54 
77 3 
18 86 
18 57 
18 13 
18 35 
86 18 
4 13 
57 18 
51 24 
112 9 
9 112 
76 70 
1 90 
59 67 
59 72 
59 2 
76 27 
90 67 
70 49 
70 82 
70 40 
94 65 
94 14 
94 92 
94 9 
70 4 
86 19 
65 94 
4 70 
4 93 
4 101 
4 27 
101 4 
93 4 
64 66 
82 70 
27 4 
6 106 
21 86 
94 85 
94 86 
94 68 
94 69 
94 56 
94 84 
94 89 
94 48 
94 76 
94 88 
94 47 
94 59 
94 2 
94 123 
94 79 
94 95 
94 104 
94 112 
94 44 
14 97 
94 86 
94 69 
97 14 
117 54 
54 117 
84 85 
84 68 
27 76 
27 44 
76 27 
66 64 
76 27 
32 26 
49 70 
24 51 
24 51 
32 66 
76 50 
71 72 
86 21 
9 67 
9 66 
77 15 
85 3 
115 67 
115 90 
77 39 
56 94 
94 56 
26 24 
26 45 
94 56 
72 64 
26 32 
50 76 
54 15 
76 50 
92 65 
92 9 
92 116 
92 65 
92 9 
92 116 
92 65 
92 9 
92 116 
92 65 
92 9 
92 116 
45 63 
3 50 
3 66 
3 26 
3 77 
3 53 
3 8 
3 13 
3 52 
3 51 
3 35 
3 20 
77 3 
80 66 
80 9 
66 9 
66 3 
66 9 
9 80 
76 50 
9 66 
52 3 
1 38 
63 45 
50 18 
58 43 
18 50 
67 66 
84 69 
67 59 
21 49 
80 64 
43 79 
64 63 
43 79 
64 80 
50 76 
76 50 
86 19 
93 86 
9 66 
9 67 
69 86 
86 93 
72 69 
94 65 
94 9 
94 14 
94 92 
42 22 
42 98 
19 57 
9 32 
57 19 
56 69 
66 32 
66 9 
66 80 
74 4 
4 74 
79 44 
44 79 
26 3 
27 76 
26 24 
76 27 
76 27 
26 45 
76 27 
26 30 
26 45 
110 18 
80 14 
86 53 
53 3 
53 86 
38 56 
38 9 
38 1 
38 72 
38 69 
38 68 
122 37 
69 84 
79 43 
79 43 
79 43 
8 3 
50 47 
38 36 
50 3 
3 50 
92 65 
98 42 
15 54 
92 65 
92 9 
92 116 
92 65 
92 9 
92 116 
92 65 
92 9 
92 116 
47 50 
69 68 
59 44 
90 85 
90 68 
90 115 
15 88 
68 67 
68 66 
68 15 
68 69 
68 72 
68 3 
68 9 
68 65 
68 92 
68 56 
10 7 
68 90 
7 10 
85 90 
80 64 
9 67 
9 66 
59 67 
59 72 
10 7 
7 10 
7 1 
69 76 
69 38 
69 68 
18 86 
18 84 
18 76 
13 18 
13 3 
20 3 
13 65 
13 3 
13 8 
13 40 
96 15 
96 61 
96 12 
35 3 
35 18 
27 69 
4 65 
61 96 
14 65 
14 92 
14 65 
14 92 
8 13 
50 13 
50 3 
50 53 
1 7 
13 50 
3 50 
1 38 
1 44 
3 13 
3 4 
3 8 
3 35 
3 13 
13 3 
8 3 
35 3 
15 96 
19 57 
57 19 
1 7 
50 3 
50 13 
50 53 
3 50 
13 50 
87 27 
44 1 
63 64 
87 27 
49 21 
61 33 
48 13 
15 96 
15 12 
13 48 
38 1 
13 48 
87 27 
4 3 
87 27 
3 13 
3 4 
3 68 
3 66 
3 67 
3 8 
3 35 
3 85 
3 69 
3 17 
4 3 
48 13 
35 3 
88 15 
13 3 
8 3 
7 1 
7 1 
66 3 
66 9 
88 15 
88 56 
1 7 
1 7 
7 1 
88 56 
88 15 
17 3 
1 69 
1 68 
1 38 
84 69 
101 86 
53 50 
53 50 
48 56 
38 1 
33 61 
54 56 
54 15 
96 15 
17 56 
17 15 
17 54 
86 101 
54 17 
42 63 
86 101 
26 30 
33 61 
50 40 
65 14 
65 14 
65 13 
47 68 
94 14 
94 65 
94 92 
94 9 
65 95 
38 1 
68 1 
39 36 
32 25 
36 39 
95 65 
32 27 
36 38 
68 3 
15 17 
15 17 
56 17 
15 72 
56 54 
15 54 
72 15 
27 32 
38 1 
38 36 
38 37 
1 10 
1 7 
7 1 
72 71 
72 73 
72 12 
72 15 
72 5 
72 117 
72 74 
86 84 
75 50 
76 4 
76 70 
86 27 
86 27 
86 93 
86 101 
70 53 
104 37 
25 26 
59 69 
65 95 
9 14 
74 4 
4 74 
75 50 
21 84 
18 3 
3 18 
84 21 
40 49 
40 82 
86 19 
25 26 
27 86 
86 27 
15 62 
92 65 
92 9 
92 116 
92 65 
92 9 
92 116 
59 68 
59 69 
59 86 
59 76 
59 56 
59 85 
59 84 
59 89 
59 48 
59 88 
59 47 
59 94 
59 2 
50 27 
50 3 
95 65 
27 50 
10 1 
59 94 
59 68 
59 56 
59 85 
59 86 
59 84 
59 89 
59 48 
59 76 
59 88 
59 47 
59 2 
59 95 
59 69 
59 123 
59 79 
59 104 
59 112 
59 44 
84 50 
35 3 
68 48 
86 27 
86 27 
86 93 
86 101 
62 15 
27 50 
3 50 
53 70 
3 35 
53 70 
53 4 
72 71 
74 1 
1 74 
14 9 
69 84 
69 86 
69 68 
27 86 
86 117 
77 39 
43 42 
43 45 
43 79 
75 50 
86 84 
34 24 
9 14 
86 27 
9 1 
1 9 
86 69 
38 9 
38 69 
38 68 
38 56 
38 72 
72 38 
94 9 
94 65 
94 14 
94 92 
95 59 
63 42 
79 43 
26 25 
75 50 
9 66 
6 106 
44 59 
40 50 
48 56 
9 14 
9 65 
9 92 
56 48 
59 69 
24 34 
124 40 
26 25 
124 93 
124 50 
124 45 
66 9 
9 66 
65 9 
9 14 
9 65 
9 17 
9 59 
65 9 
9 3 
9 72 
9 15 
9 5 
72 9 
56 48 
15 9 
48 56 
59 9 
3 9 
3 13 
42 43 
66 9 
25 32 
32 25 
43 7 
7 43 
15 54 
54 15 
54 15 
74 4 
92 65 
92 9 
92 116 
15 54 
27 67 
27 66 
88 89 
38 39 
15 12 
15 61 
9 67 
9 66 
69 86 
90 36 
90 37 
32 31 
50 40 
50 70 
50 49 
70 50 
94 59 
94 2 
90 80 
4 74 
94 65 
94 14 
94 92 
94 9 
32 25 
50 84 
25 32 
84 50 
25 24 
24 25 
90 115 
115 90 
32 26 
61 15 
1 74 
32 66 
32 26 
26 32 
50 84 
50 75 
84 50 
26 32 
31 32 
66 27 
59 44 
75 50 
75 50 
31 24 
31 24 
31 25 
59 69 
90 80 
74 1 
43 7 
7 43 
45 43 
17 9 
50 75 
43 7 
76 84 
7 43 
59 69 
86 68 
86 56 
92 65 
92 9 
92 116 
140 122 
67 9 
67 9 
67 66 
67 27 
67 3 
67 9 
67 9 
67 90 
67 66 
67 80 
67 9 
143 80 
147 146 
146 59 
148 84 
139 57 
139 57 
13 3 
50 75 
96 15 
96 61 
96 12 
107 18 
107 45 
107 18 
107 18 
107 37 
75 50 
75 50 
50 3 
50 51 
50 35 
50 8 
50 18 
50 53 
3 50 
18 50 
5 9 
5 33 
53 50 
5 37 
5 33 
15 96 
75 86 
8 50 
29 42 
29 58 
29 43 
29 119 
58 29 
61 96 
42 29 
3 8 
3 66 
3 67 
3 35 
3 13 
3 4 
3 68 
3 85 
3 69 
3 17 
42 29 
53 70 
53 4 
39 29 
39 29 
17 3 
13 3 
35 3 
35 50 
29 42 
29 39 
2 33 
2 59 
2 94 
2 22 
2 83 
13 41 
59 2 
83 2 
29 39 
33 42 
33 2 
33 58 
4 3 
58 33 
8 3 
71 5 
71 15 
43 42 
43 29 
19 18 
39 26 
39 3 
39 66 
3 39 
67 3 
3 51 
3 35 
3 53 
51 3 
51 3 
12 96 
12 15 
12 15 
12 96 
12 15 
12 96 
51 24 
35 3 
51 50 
22 98 
22 42 
22 95 
50 101 
98 22 
71 5 
101 50 
76 27 
80 84 
7 103 
26 39 
42 43 
80 84 
42 22 
45 26 
42 43 
42 29 
42 63 
42 33 
26 45 
95 22 
64 80 
64 80 
66 3 
42 63 
17 56 
17 15 
17 54 
66 27 
88 76 
88 69 
63 42 
29 42 
53 3 
36 38 
53 40 
56 17 
56 88 
88 56 
88 15 
69 59 
68 3 
56 96 
56 61 
56 15 
66 39 
84 50 
42 5 
86 75 
84 80 
84 80 
1 9 
42 5 
26 32 
26 32 
1 38 
26 45 
38 1 
3 66 
9 1 
9 14 
14 9 
42 5 
84 90 
42 33 
42 15 
86 75 
13 77 
13 8 
13 35 
66 9 
59 67 
59 72 
72 59 
80 70 
70 80 
77 13 
113 39 
113 15 
113 3 
3 113 
77 5 
39 113 
84 69 
76 69 
3 35 
3 50 
3 20 
3 8 
3 53 
3 51 
3 18 
77 14 
83 66 
51 3 
42 63 
42 15 
42 33 
76 53 
68 63 
53 3 
18 3 
33 42 
20 38 
86 57 
76 27 
33 15 
33 63 
84 27 
53 27 
53 3 
53 35 
53 76 
53 50 
81 56 
56 81 
5 42 
5 42 
94 65 
94 14 
94 92 
94 9 
66 83 
5 42 
66 3 
94 2 
33 15 
94 71 
94 95 
94 112 
94 10 
94 23 
94 29 
94 73 
94 20 
71 15 
121 106 
80 14 
80 9 
80 67 
80 66 
5 15 
92 9 
88 69 
88 18 
14 77 
5 15 
14 9 
88 57 
13 15 
13 40 
14 1 
77 14 
30 29 
30 47 
77 14 
38 36 
15 12 
15 61 
12 15 
74 4 
8 3 
1 14 
4 74 
9 14 
9 80 
65 95 
95 65 
74 1 
65 95 
85 3 
95 65 
1 74 
70 53 
1 74 
4 106 
49 50 
85 48 
5 54 
9 71 
59 44 
85 3 
85 48 
18 57 
26 45 
13 86 
13 48 
13 40 
13 3 
13 15 
13 69 
13 68 
13 47 
3 13 
86 13 
32 66 
61 15 
88 15 
29 30 
87 37 
87 36 
85 68 
71 9 
48 13 
48 68 
5 77 
1 14 
1 9 
15 88 
15 56 
14 1 
59 63 
54 17 
48 85 
48 85 
54 5 
48 53 
68 85 
88 15 
15 42 
71 15 
6 106 
32 83 
20 3 
65 95 
68 13 
66 9 
113 35 
66 32 
53 48 
74 1 
9 1 
9 66 
68 48 
95 65 
3 50 
61 56 
92 65 
92 9 
92 116 
15 13 
15 61 
69 86 
61 15 
15 13 
61 12 
12 61 
15 33 
15 17 
15 5 
15 5 
15 113 
37 38 
9 67 
9 66 
38 37 
83 32 
67 80 
67 9 
50 75 
66 9 
70 56 
75 50 
70 75 
70 21 
70 89 
75 70 
89 70 
21 70 
76 50 
35 113 
59 72 
35 3 
50 76 
76 50 
15 71 
50 3 
66 80 
9 67 
9 66 
3 50 
67 9 
64 42 
42 64 
13 40 
13 15 
94 65 
94 14 
94 92 
94 9 
64 38 
15 13 
43 10 
15 61 
75 50 
38 1 
61 15 
61 15 
38 64 
66 9 
15 61 
123 86 
123 79 
86 69 
86 123 
79 123 
119 29 
46 37 
86 13 
86 40 
86 69 
86 50 
12 72 
12 71 
12 15 
72 12 
15 12 
96 56 
38 36 
76 13 
76 75 
64 42 
10 21 
10 7 
81 43 
81 43 
13 41 
13 40 
53 70 
92 9 
92 65 
92 116 
59 67 
85 18 
38 67 
68 85 
90 64 
95 44 
1 3 
1 13 
1 5 
1 6 
1 7 
1 2 
1 8 
1 9 
1 10 
1 11 
1 12 
1 14 
1 15 
1 4 
1 16 
1 17 
57 18 
11 45 
11 45 
11 37 
101 50 
18 85 
96 15 
96 61 
96 12 
42 64 
42 33 
42 63 
42 22 
11 45 
7 10 
101 93 
42 63 
42 33 
42 22 
93 101 
15 96 
42 33 
42 63 
42 22 
13 35 
13 4 
13 17 
13 3 
64 90 
10 59 
59 10 
59 10 
71 15 
12 96 
3 66 
3 67 
3 8 
3 35 
3 13 
3 4 
3 68 
3 85 
3 69 
3 17 
77 5 
42 64 
42 38 
64 67 
17 3 
7 59 
59 7 
59 7 
13 3 
83 63 
12 15 
57 18 
83 15 
50 101 
101 50 
101 50 
83 63 
8 3 
75 20 
70 20 
88 69 
70 20 
4 3 
38 42 
38 64 
67 3 
18 57 
35 3 
64 22 
9 67 
15 12 
17 15 
17 56 
17 54 
67 9 
15 17 
15 56 
56 17 
15 83 
56 15 
68 3 
68 48 
88 61 
88 96 
88 12 
88 15 
88 61 
88 96 
88 12 
88 15 
21 86 
75 50 
88 61 
88 96 
88 12 
88 15 
86 21 
84 50 
63 83 
63 83 
59 68 
59 69 
59 56 
59 86 
59 88 
59 85 
59 84 
59 89 
59 48 
59 76 
59 47 
59 94 
59 2 
86 50 
69 86 
7 43 
7 43 
7 43 
69 50 
7 43 
74 4 
21 90 
69 86 
90 21 
66 3 
22 64 
84 66 
84 27 
84 81 
84 44 
84 69 
54 17 
54 81 
54 15 
54 15 
54 81 
94 9 
94 65 
94 14 
94 92 
76 86 
43 42 
4 74 
43 7 
43 95 
43 10 
43 81 
43 6 
43 81 
43 81 
7 43 
84 81 
84 66 
84 27 
84 44 
84 69 
44 84 
69 84 
81 84 
66 84 
84 66 
84 27 
84 44 
84 69 
84 81 
88 96 
88 12 
88 15 
88 61 
13 4 
15 54 
95 43 
15 54 
95 123 
95 79 
42 44 
56 55 
123 95 
64 22 
64 67 
79 95 
20 63 
20 70 
20 70 
20 75 
63 20 
63 33 
63 29 
77 14 
77 66 
94 65 
77 14 
88 61 
88 96 
88 12 
88 15 
33 15 
29 63 
33 63 
6 43 
69 86 
10 43 
56 15 
15 56 
84 66 
84 81 
4 48 
4 70 
48 4 
48 4 
38 37 
55 56 
15 56 
6 106 
56 15 
85 3 
33 15 
15 33 
59 94 
76 50 
4 48 
50 38 
50 1 
38 1 
1 50 
38 36 
4 70 
4 81 
4 93 
4 101 
4 27 
101 4 
93 4 
70 4 
70 4 
38 36 
38 1 
4 106 
67 64 
13 35 
50 69 
50 3 
3 35 
3 41 
3 18 
3 51 
3 52 
3 8 
52 3 
86 40 
35 3 
3 35 
3 51 
3 52 
3 18 
3 41 
3 8 
3 50 
52 3 
35 3 
12 72 
12 71 
12 73 
18 3 
69 50 
18 3 
2 59 
81 54 
81 54 
18 3 
81 4 
3 18 
38 36 
92 65 
92 9 
92 116 
59 2 
59 2 
92 65 
92 9 
92 116 
33 15 
50 70 
50 40 
50 13 
63 20 
86 69 
86 84 
86 76 
63 29 
13 50 
70 50 
68 85 
38 37 
3 62 
3 35 
3 8 
3 113 
3 51 
3 52 
3 18 
3 41 
3 20 
38 36 
52 3 
35 3 
69 68 
69 59 
76 75 
59 2 
59 94 
50 76 
50 69 
59 69 
84 69 
84 80 
84 7 
84 44 
76 50 
68 85 
73 12 
86 69 
2 33 
2 83 
20 3 
86 53 
50 52 
52 50 
54 56 
56 54 
75 50 
68 85 
84 86 
29 83 
94 95 
94 79 
94 20 
94 58 
94 29 
94 112 
63 64 
84 69 
68 85 
58 54 
58 33 
58 29 
58 23 
58 106 
58 83 
58 4 
23 58 
65 44 
50 75 
75 50 
106 58 
38 36 
38 37 
79 104 
69 86 
69 13 
69 27 
69 3 
79 123 
86 50 
104 79 
123 79 
86 69 
36 38 
29 58 
3 13 
3 8 
3 41 
8 3 
50 41 
50 86 
8 3 
68 85 
8 3 
8 3 
86 40 
86 75 
50 75 
86 50 
45 11 
50 75 
59 9 
59 14 
38 22 
38 63 
99 37 
48 99 
48 85 
85 48 
99 48 
9 67 
9 66 
13 3 
96 15 
96 61 
96 12 
18 3 
35 20 
26 45 
54 58 
33 83 
83 33 
20 35 
13 50 
29 23 
29 46 
29 34 
23 29 
34 29 
33 58 
33 2 
23 46 
23 34 
23 29 
44 65 
75 50 
75 50 
61 96 
44 9 
31 25 
57 88 
34 23 
29 23 
71 12 
71 12 
1 38 
113 3 
113 3 
71 15 
3 13 
3 68 
3 66 
3 67 
3 8 
3 35 
3 4 
3 85 
3 69 
3 17 
3 113 
66 3 
83 2 
66 9 
15 96 
94 59 
94 69 
83 29 
83 58 
12 96 
35 3 
13 3 
3 35 
3 52 
3 18 
3 50 
3 53 
3 13 
3 66 
3 8 
3 51 
3 41 
3 20 
3 4 
35 3 
29 22 
94 109 
94 89 
29 80 
13 3 
29 23 
29 42 
29 81 
29 30 
40 86 
23 29 
26 66 
20 3 
4 58 
46 29 
52 3 
8 3 
18 3 
8 3 
17 3 
47 48 
4 3 
4 3 
56 71 
71 56 
30 29 
38 1 
46 23 
38 1 
71 5 
18 55 
18 107 
18 108 
18 110 
18 57 
18 109 
18 99 
18 111 
18 19 
80 29 
5 71 
59 67 
47 30 
47 13 
94 14 
94 9 
94 65 
94 92 
88 57 
83 9 
83 38 
83 79 
68 3 
71 5 
10 7 
38 36 
7 10 
67 3 
76 27 
67 66 
14 90 
67 9 
17 15 
17 56 
17 54 
88 57 
79 83 
38 36 
56 17 
79 44 
56 88 
50 86 
50 69 
50 13 
50 40 
50 41 
83 24 
83 26 
44 79 
88 15 
88 56 
47 68 
24 83 
57 18 
20 8 
55 18 
69 76 
76 69 
69 50 
8 20 
15 88 
88 15 
86 50 
26 83 
71 5 
71 56 
45 37 
41 50 
41 3 
41 50 
41 3 
84 50 
1 50 
1 38 
21 86 
86 50 
86 69 
86 40 
86 41 
86 13 
86 40 
86 21 
7 1 
52 103 
50 1 
50 38 
42 29 
42 29 
64 9 
13 50 
32 15 
32 83 
32 26 
80 115 
115 80 
15 32 
29 42 
50 76 
76 50 
26 32 
54 17 
103 52 
121 106 
50 84 
92 65 
92 9 
92 116 
84 50 
92 65 
92 9 
92 116 
15 17 
74 4 
76 85 
63 98 
48 68 
68 48 
76 50 
75 50 
69 53 
68 85 
75 50 
13 3 
3 13 
13 3 
94 9 
94 65 
94 92 
98 63 
3 69 
3 13 
76 53 
69 3 
66 77 
76 69 
76 69 
45 38 
76 69 
69 3 
1 50 
76 69 
53 3 
3 69 
69 3 
51 3 
7 104 
51 3 
69 27 
69 76 
51 3 
51 3 
75 50 
1 7 
83 32 
7 1 
77 66 
1 38 
85 3 
6 106 
92 14 
90 14 
14 65 
65 14 
13 69 
13 68 
15 113 
113 15 
32 37 
4 74 
14 84 
84 14 
84 14 
50 76 
76 50 
14 84 
84 14 
50 76 
32 26 
26 32 
56 15 
56 61 
56 96 
61 56 
18 20 
4 106 
53 35 
38 36 
38 37 
53 71 
94 65 
94 14 
94 92 
94 9 
96 56 
28 8 
37 45 
37 36 
37 36 
37 38 
36 45 
45 36 
38 37 
117 14 
42 64 
14 117 
53 70 
18 55 
18 107 
18 108 
18 57 
18 110 
18 109 
18 111 
18 99 
18 19 
59 67 
32 26 
66 67 
66 3 
53 76 
53 50 
66 3 
53 86 
3 66 
50 75 
22 38 
75 50 
55 18 
47 50 
64 66 
99 18 
50 52 
52 50 
67 66 
59 67 
47 40 
47 13 
47 75 
75 47 
50 52 
68 13 
52 50 
52 103 
53 70 
67 66 
19 18 
19 18 
15 56 
8 28 
32 66 
1 38 
50 75 
92 65 
92 9 
92 116 
47 50 
92 65 
92 9 
92 116 
38 36 
38 37 
38 1 
38 37 
38 36 
38 149 
38 149 
38 37 
38 36 
59 67 
59 72 
76 50 
86 19 
86 19 
50 75 
86 69 
47 48 
108 45 
108 18 
108 18 
108 18 
57 79 
57 18 
20 18 
13 47 
107 18 
40 47 
40 13 
40 75 
96 15 
96 61 
96 12 
13 40 
35 53 
57 18 
94 65 
94 14 
94 92 
94 9 
75 50 
95 22 
95 98 
95 94 
27 69 
27 81 
61 96 
15 96 
18 57 
27 66 
27 62 
27 39 
27 13 
27 15 
27 3 
27 26 
13 27 
3 27 
3 18 
3 13 
3 8 
3 35 
3 51 
3 52 
3 50 
3 53 
3 4 
38 22 
38 36 
13 3 
39 29 
9 65 
9 92 
92 9 
9 44 
39 27 
9 83 
65 94 
12 96 
3 13 
3 66 
3 67 
3 8 
3 35 
3 4 
3 68 
3 85 
3 69 
3 17 
13 3 
17 3 
13 15 
13 3 
3 13 
9 64 
115 67 
15 27 
15 13 
10 7 
10 21 
10 87 
10 75 
10 94 
7 10 
10 2 
35 3 
10 45 
10 14 
2 10 
45 10 
8 3 
8 3 
29 39 
14 10 
103 52 
75 50 
9 14 
9 65 
9 17 
9 92 
52 3 
65 9 
35 3 
14 9 
92 9 
26 27 
65 9 
94 65 
9 66 
94 95 
17 9 
65 92 
94 10 
4 3 
4 3 
66 3 
66 9 
38 36 
3 66 
66 3 
38 59 
38 18 
38 103 
38 84 
38 64 
38 77 
38 106 
38 46 
38 35 
38 107 
38 115 
38 70 
38 97 
38 87 
38 27 
38 119 
38 123 
38 43 
38 47 
38 76 
38 13 
38 15 
38 131 
38 3 
38 61 
38 93 
38 30 
38 25 
38 85 
38 53 
38 44 
38 124 
38 22 
38 102 
38 52 
38 81 
38 98 
38 56 
38 50 
38 39 
38 32 
38 58 
38 57 
38 69 
38 66 
38 48 
38 68 
38 2 
38 75 
38 126 
38 83 
38 127 
38 71 
38 96 
38 42 
38 36 
38 37 
38 9 
38 92 
38 8 
38 128 
38 108 
38 24 
38 95 
38 110 
38 49 
38 41 
38 14 
38 67 
38 10 
38 31 
38 118 
38 129 
38 73 
38 100 
38 130 
38 109 
38 88 
38 116 
38 28 
38 99 
38 55 
38 12 
38 20 
38 26 
38 33 
38 7 
38 34 
38 82 
38 62 
38 104 
38 149 
38 89 
38 5 
38 17 
38 4 
38 51 
38 11 
38 132 
38 29 
38 78 
38 133 
38 111 
38 45 
38 79 
38 16 
38 63 
38 120 
38 54 
38 40 
38 65 
38 134 
38 86 
38 60 
38 6 
38 121 
38 91 
38 117 
38 74 
38 80 
38 112 
38 21 
38 135 
38 23 
38 136 
38 19 
38 90 
38 113 
38 114 
38 105 
38 101 
38 122 
38 94 
47 40 
68 3 
45 63 
42 22 
45 60 
9 72 
9 42 
9 68 
9 69 
9 56 
9 90 
9 71 
9 77 
9 32 
9 64 
9 67 
9 66 
36 38 
36 37 
56 9 
18 3 
68 9 
42 9 
17 15 
17 56 
17 54 
56 17 
56 88 
88 56 
8 3 
14 13 
13 14 
3 8 
43 42 
13 14 
14 13 
13 14 
14 13 
66 9 
9 117 
3 113 
3 62 
3 8 
113 3 
51 3 
113 3 
8 3 
59 9 
59 14 
59 67 
3 113 
75 40 
75 10 
98 95 
32 9 
75 70 
75 10 
9 15 
15 9 
64 9 
15 17 
50 27 
50 3 
84 56 
50 3 
81 56 
81 15 
81 27 
56 81 
27 50 
70 1 
70 75 
17 15 
1 70 
27 81 
1 70 
67 66 
67 3 
14 13 
67 115 
1 9 
67 9 
70 1 
13 14 
9 1 
69 14 
76 27 
76 90 
74 4 
90 9 
54 17 
54 15 
54 17 
92 65 
92 9 
92 116 
77 9 
4 74 
20 63 
20 3 
45 10 
45 7 
45 21 
62 63 
21 45 
42 64 
32 77 
10 75 
10 45 
42 64 
17 54 
42 43 
77 32 
10 104 
21 75 
75 21 
64 66 
10 21 
10 112 
10 1 
10 87 
10 27 
10 123 
10 22 
10 42 
10 73 
10 5 
10 79 
10 68 
10 63 
10 2 
10 65 
10 94 
10 105 
65 10 
21 10 
7 45 
68 10 
1 10 
27 10 
2 10 
112 10 
15 17 
104 10 
123 10 
17 15 
21 88 
32 14 
32 9 
42 10 
42 64 
88 21 
63 10 
87 10 
24 51 
87 10 
68 14 
14 112 
71 9 
112 14 
77 26 
1 9 
76 81 
57 88 
26 24 
65 112 
112 65 
64 42 
88 57 
79 10 
92 65 
92 9 
92 116 
92 65 
92 9 
92 116 
9 71 
9 1 
71 9 
85 48 
73 10 
85 3 
4 106 
32 26 
48 85 
48 47 
48 47 
21 88 
88 21 
15 81 
17 9 
15 17 
15 54 
94 9 
94 65 
94 14 
94 92 
94 10 
110 18 
105 10 
14 80 
1 38 
1 9 
77 32 
121 106 
32 26 
65 92 
53 50 
60 45 
53 35 
53 3 
56 69 
84 53 
75 88 
3 20 
3 50 
3 50 
53 50 
75 88 
76 50 
5 10 
39 29 
69 94 
69 59 
27 81 
27 102 
27 101 
27 93 
29 39 
69 84 
69 86 
69 76 
69 89 
101 27 
69 86 
50 76 
103 105 
76 50 
39 113 
39 62 
15 9 
103 105 
68 85 
76 13 
105 103 
105 103 
83 66 
113 39 
24 45 
84 13 
84 75 
92 65 
92 9 
92 116 
45 24 
92 65 
92 9 
92 116 
88 75 
88 75 
85 48 
59 67 
59 72 
19 57 
68 69 
45 77 
3 8 
3 41 
3 66 
3 20 
3 35 
59 67 
59 72 
86 50 
8 3 
32 14 
32 26 
50 86 
86 50 
66 83 
66 83 
59 67 
59 72 
66 3 
9 17 
9 1 
9 15 
3 50 
50 35 
50 8 
50 18 
50 51 
50 53 
69 86 
86 53 
47 81 
47 27 
69 67 
69 9 
69 3 
69 15 
69 68 
69 56 
69 65 
68 69 
15 71 
80 68 
57 19 
13 40 
13 40 
101 27 
35 50 
13 65 
13 3 
13 8 
13 40 
35 3 
27 101 
27 47 
96 15 
96 61 
96 12 
31 25 
61 96 
83 66 
4 65 
8 13 
8 50 
94 59 
94 69 
94 79 
94 123 
71 15 
13 3 
27 81 
27 93 
27 101 
27 102 
3 13 
3 4 
3 8 
3 35 
3 13 
13 3 
4 3 
27 81 
27 101 
27 93 
27 102 
101 27 
101 27 
42 43 
27 81 
27 101 
101 27 
18 50 
27 84 
112 44 
15 96 
13 74 
13 73 
13 72 
72 13 
35 3 
13 3 
13 40 
4 3 
8 3 
12 96 
12 15 
3 66 
3 67 
3 8 
3 35 
3 13 
3 4 
3 68 
3 69 
3 85 
3 17 
3 4 
8 3 
3 13 
13 3 
17 3 
12 71 
12 72 
12 73 
12 15 
13 3 
15 12 
71 15 
71 73 
71 5 
66 3 
15 12 
15 12 
12 15 
22 38 
33 42 
38 22 
67 3 
71 12 
59 14 
66 26 
74 13 
73 13 
88 57 
88 93 
4 71 
4 3 
71 4 
59 44 
73 12 
68 3 
68 80 
44 112 
26 66 
26 45 
44 42 
42 33 
71 15 
71 12 
71 5 
44 42 
115 67 
76 53 
17 56 
17 15 
17 54 
59 44 
6 106 
45 24 
76 13 
76 75 
86 50 
54 17 
94 65 
94 14 
94 92 
94 9 
65 13 
81 47 
47 81 
75 50 
50 86 
48 53 
48 85 
65 94 
76 50 
21 10 
21 10 
43 42 
27 62 
56 17 
56 88 
35 3 
50 76 
56 15 
76 50 
88 56 
24 45 
21 75 
24 26 
86 50 
42 44 
68 48 
44 42 
75 21 
90 68 
68 90 
94 65 
68 69 
68 69 
26 24 
90 69 
86 27 
26 80 
26 24 
105 103 
4 117 
21 84 
104 9 
104 26 
104 30 
84 21 
103 105 
9 104 
84 69 
77 45 
77 45 
27 47 
27 81 
47 27 
26 104 
30 104 
77 66 
74 4 
77 26 
77 24 
43 81 
6 7 
6 1 
77 26 
77 9 
77 14 
77 66 
77 24 
77 32 
68 47 
50 75 
4 74 
34 24 
90 56 
56 90 
24 34 
47 81 
47 27 
4 106 
81 47 
76 13 
84 53 
75 50 
84 53 
84 50 
69 63 
117 71 
76 53 
66 67 
71 117 
41 3 
65 59 
66 67 
9 66 
9 67 
66 9 
50 84 
50 75 
41 3 
84 50 
76 13 
41 3 
69 13 
69 68 
71 9 
71 72 
72 71 
67 9 
85 3 
15 17 
67 66 
84 50 
92 65 
92 9 
92 116 
92 65 
92 9 
92 116 
15 56 
92 65 
92 9 
92 116 
67 66 
42 9 
42 14 
47 18 
47 55 
90 56 
56 90 
50 47 
71 5 
53 50 
59 9 
59 14 
53 84 
7 44 
76 50 
59 67 
66 67 
53 86 
50 76 
76 50 
53 76 
53 48 
67 66 
53 50 
53 84 
53 76 
45 63 
75 50 
84 50 
50 84 
84 50 
55 47 
47 50 
15 117 
74 4 
81 27 
85 48 
48 85 
5 56 
27 81 
27 47 
59 65 
56 5 
56 90 
86 53 
90 56 
50 3 
39 50 
39 3 
18 47 
9 66 
9 67 
50 8 
50 3 
50 3 
50 35 
35 50 
47 48 
48 47 
56 90 
48 85 
7 80 
85 48 
8 50 
90 56 
86 50 
67 9 
67 9 
67 66 
67 115 
83 63 
68 90 
4 74 
66 9 
3 50 
50 3 
50 27 
3 39 
92 65 
92 9 
92 116 
92 65 
92 9 
92 116 
84 69 
2 94 
94 2 
3 50 
3 50 
3 50 
50 86 
86 50 
92 65 
92 9 
92 116 
92 65 
92 9 
92 116 
92 65 
92 9 
92 116 
92 65 
92 9 
92 116 
54 15 
117 9 
15 54 
90 9 
84 19 
25 31 
25 31 
25 31 
13 76 
20 3 
31 25 
96 15 
96 12 
96 61 
25 27 
25 26 
13 14 
14 13 
27 25 
27 50 
25 27 
25 26 
14 13 
27 25 
13 14 
13 14 
14 13 
26 25 
61 96 
94 65 
94 14 
94 92 
94 9 
13 3 
13 35 
13 4 
13 17 
13 14 
14 13 
14 13 
13 14 
13 40 
71 15 
71 72 
71 5 
63 45 
66 27 
63 83 
3 66 
3 13 
3 4 
3 85 
3 67 
3 8 
3 35 
3 68 
3 69 
3 17 
13 3 
39 113 
39 62 
113 39 
113 39 
13 3 
4 53 
39 113 
17 3 
4 13 
4 3 
8 3 
13 4 
13 14 
63 45 
63 20 
65 94 
63 62 
13 4 
35 3 
4 13 
94 65 
15 96 
148 84 
146 59 
147 146 
146 59 
145 68 
144 38 
67 3 
66 3 
32 27 
32 25 
32 31 
17 56 
17 15 
17 54 
15 17 
68 3 
76 88 
56 17 
68 47 
15 66 
3 66 
38 36 
66 15 
66 3 
68 13 
76 75 
76 13 
62 3 
76 13 
56 88 
3 62 
88 56 
44 112 
13 68 
32 24 
32 26 
68 13 
24 32 
56 15 
56 54 
71 72 
44 80 
54 56 
21 10 
32 24 
32 26 
9 59 
51 24 
51 50 
59 9 
103 105 
103 24 
18 3 
32 24 
32 26 
32 66 
58 106 
58 33 
58 54 
58 73 
58 29 
58 95 
58 118 
58 83 
106 58 
47 68 
141 104 
106 58 
106 6 
106 130 
106 4 
142 86 
58 106 
22 37 
22 36 
22 149 
68 47 
68 47 
29 58 
149 22 
112 24 
24 112 
75 47 
4 106 
54 58 
50 86 
54 17 
105 103 
6 106 
24 45 
65 64 
65 9 
64 65 
95 58 
95 58 
95 42 
95 20 
95 104 
95 79 
95 94 
95 87 
95 123 
95 43 
95 93 
95 22 
95 98 
95 89 
47 75 
69 86 
89 95 
123 95 
142 86 
89 95 
89 88 
89 69 
89 75 
89 84 
89 56 
89 76 
84 89 
56 89 
76 89 
98 95 
83 58 
69 76 
75 89 
88 89 
73 58 
24 103 
145 68 
10 21 
146 59 
147 146 
146 59 
10 21 
98 95 
98 33 
98 63 
98 46 
98 115 
98 93 
98 45 
98 6 
86 50 
69 84 
101 84 
47 68 
38 37 
38 149 
38 36 
143 80 
68 47 
9 65 
9 117 
90 84 
84 90 
144 38 
79 95 
143 80 
45 98 
3 18 
84 101 
45 24 
140 122 
56 5 
56 71 
146 59 
148 84 
147 146 
146 59 
3 35 
3 18 
3 13 
3 8 
3 51 
3 52 
3 50 
3 20 
94 95 
52 3 
94 20 
94 58 
94 29 
94 18 
94 56 
94 112 
94 6 
94 2 
94 98 
94 95 
94 133 
94 10 
77 66 
13 3 
15 56 
15 54 
104 123 
29 94 
29 22 
29 56 
29 75 
29 58 
29 52 
29 100 
47 68 
104 95 
20 3 
20 95 
68 47 
52 29 
29 42 
20 3 
20 149 
20 37 
20 36 
29 80 
6 98 
39 66 
69 76 
6 22 
6 98 
6 20 
6 106 
6 43 
6 94 
6 101 
6 10 
6 40 
6 7 
94 29 
94 6 
98 6 
101 6 
84 101 
20 6 
68 48 
80 29 
26 32 
95 98 
95 89 
149 20 
101 82 
101 19 
101 93 
101 57 
101 50 
101 109 
95 65 
95 65 
45 24 
90 38 
57 101 
18 3 
57 101 
75 76 
75 19 
47 68 
143 80 
101 57 
38 63 
74 4 
46 98 
10 6 
4 74 
3 83 
19 75 
3 20 
32 15 
15 32 
59 67 
87 95 
82 101 
15 32 
15 3 
3 15 
69 68 
129 129 
32 15 
6 106 
38 90 
71 56 
71 56 
82 49 
82 40 
82 86 
82 21 
82 101 
71 73 
86 82 
101 82 
17 3 
150 36 
3 51 
3 17 
42 29 
42 95 
64 67 
64 66 
80 115 
68 47 
27 86 
69 84 
24 45 
86 27 
14 13 
4 106 
84 75 
84 13 
84 50 
49 82 
3 51 
3 50 
3 13 
3 8 
3 35 
3 52 
3 18 
3 53 
3 20 
32 26 
84 50 
24 112 
13 40 
13 14 
45 24 
45 26 
45 9 
112 24 
13 14 
13 3 
26 45 
14 13 
14 13 
13 14 
26 32 
71 72 
14 13 
10 6 
13 14 
13 14 
115 80 
117 9 
14 13 
9 45 
14 13 
9 117 
13 14 
24 45 
29 63 
20 3 
45 24 
24 45 
54 15 
115 98 
115 67 
115 90 
52 50 
52 3 
54 1 
54 15 
1 54 
76 19 
85 3 
58 29 
63 29 
106 6 
24 112 
112 24 
6 10 
53 3 
53 4 
59 67 
63 98 
8 3 
8 3 
71 73 
56 88 
138 47 
139 57 
95 104 
95 104 
104 95 
88 56 
88 89 
56 29 
104 95 
69 68 
69 86 
69 89 
13 14 
83 3 
14 13 
1 54 
1 15 
1 56 
14 13 
18 3 
56 1 
13 35 
13 4 
13 14 
54 1 
18 64 
54 1 
53 86 
48 47 
145 68 
146 59 
148 84 
147 146 
146 59 
28 20 
32 26 
13 35 
13 4 
28 83 
28 54 
28 27 
54 28 
32 27 
15 66 
77 39 
50 84 
15 1 
15 54 
84 50 
35 3 
35 13 
35 13 
4 13 
1 54 
54 56 
54 15 
56 54 
4 13 
54 56 
56 54 
50 76 
86 75 
86 69 
86 84 
86 68 
20 28 
20 35 
20 18 
20 8 
20 53 
20 50 
53 20 
89 88 
88 89 
47 48 
81 47 
21 86 
86 21 
75 48 
76 50 
47 81 
76 69 
81 47 
81 43 
51 3 
67 115 
51 3 
75 29 
80 64 
51 3 
59 72 
64 80 
75 29 
75 70 
75 89 
75 88 
75 21 
70 75 
47 81 
90 115 
29 75 
47 48 
47 85 
47 68 
75 70 
70 75 
75 21 
48 47 
85 47 
89 75 
48 75 
8 20 
76 75 
76 13 
80 14 
81 47 
47 81 
68 47 
22 38 
21 75 
86 75 
86 40 
86 27 
86 93 
86 101 
47 50 
38 36 
38 37 
69 1 
5 56 
50 47 
47 50 
47 50 
50 47 
68 48 
68 47 
86 75 
86 40 
86 27 
86 93 
86 101 
59 68 
59 69 
59 56 
59 64 
47 50 
38 36 
38 37 
38 1 
15 54 
38 22 
15 80 
90 14 
38 63 
85 47 
92 65 
92 9 
92 116 
1 3 
1 8 
1 14 
1 15 
1 4 
1 5 
1 6 
1 7 
1 2 
1 9 
1 10 
1 11 
1 12 
1 13 
1 16 
1 17 
18 20 
18 108 
18 109 
18 107 
18 99 
40 86 
35 20 
35 3 
96 15 
96 61 
96 12 
99 18 
99 18 
31 25 
33 98 
33 58 
61 96 
100 29 
100 115 
100 43 
100 56 
13 17 
13 3 
13 35 
13 4 
100 84 
100 69 
100 42 
100 64 
100 63 
94 14 
94 9 
94 65 
94 92 
19 101 
71 34 
27 32 
27 28 
3 35 
3 8 
3 51 
3 50 
3 52 
3 13 
3 18 
3 20 
35 3 
8 3 
112 44 
115 100 
71 5 
71 56 
15 96 
20 3 
13 3 
59 67 
59 72 
52 3 
112 44 
14 13 
13 14 
13 14 
14 13 
72 71 
72 73 
51 3 
18 3 
15 9 
7 6 
15 33 
49 43 
12 96 
38 22 
12 96 
56 5 
56 100 
65 94 
66 15 
3 66 
3 4 
3 67 
3 8 
3 35 
3 13 
3 68 
3 69 
3 85 
3 17 
66 3 
8 3 
13 3 
33 15 
67 3 
88 75 
35 3 
17 3 
14 45 
45 14 
14 9 
94 65 
101 84 
26 23 
56 5 
45 14 
66 39 
55 47 
55 18 
9 90 
17 56 
17 15 
17 54 
56 17 
54 17 
76 19 
56 88 
88 56 
9 14 
14 45 
63 100 
47 55 
7 14 
9 15 
43 49 
68 48 
68 3 
59 68 
59 69 
59 84 
59 48 
59 76 
59 88 
59 47 
59 56 
59 85 
59 86 
59 89 
59 94 
59 2 
112 80 
80 112 
4 3 
15 17 
112 44 
84 101 
76 53 
86 40 
42 100 
10 7 
10 21 
7 10 
21 10 
38 36 
112 64 
112 27 
76 19 
38 22 
112 39 
12 15 
5 56 
27 112 
5 56 
112 13 
15 12 
89 1 
1 89 
112 77 
1 89 
5 56 
86 84 
86 76 
86 69 
6 106 
56 5 
86 69 
86 84 
86 68 
86 76 
103 105 
11 5 
89 1 
42 63 
42 63 
80 15 
112 15 
39 112 
84 100 
39 77 
83 28 
68 81 
83 61 
2 22 
118 33 
118 37 
118 58 
61 83 
61 96 
84 101 
94 2 
112 3 
77 39 
94 65 
94 14 
94 9 
54 31 
54 15 
3 112 
44 112 
15 54 
15 112 
27 26 
3 51 
3 20 
3 35 
3 8 
92 65 
92 9 
92 116 
22 37 
22 36 
22 149 
8 3 
44 112 
149 22 
96 61 
15 112 
44 112 
13 112 
112 15 
76 75 
26 27 
29 88 
29 56 
29 77 
88 29 
26 60 
121 106 
20 3 
54 15 
65 94 
94 65 
15 54 
112 5 
56 29 
112 62 
103 105 
105 103 
105 103 
77 29 
63 64 
63 42 
76 13 
76 75 
112 26 
77 39 
77 112 
9 67 
9 66 
92 9 
92 65 
92 116 
18 51 
4 106 
54 15 
15 54 
112 24 
18 80 
18 55 
24 112 
43 100 
27 66 
27 3 
27 15 
27 62 
27 31 
27 25 
27 26 
15 27 
27 66 
27 3 
27 15 
27 62 
27 31 
27 25 
27 26 
15 27 
27 66 
27 3 
27 15 
27 62 
27 31 
27 25 
27 26 
3 27 
31 27 
31 27 
3 27 
3 27 
15 27 
74 9 
74 92 
74 65 
74 72 
66 27 
66 27 
26 27 
94 65 
80 26 
80 18 
74 72 
26 27 
80 18 
112 9 
22 38 
47 90 
47 68 
68 47 
80 59 
5 11 
65 94 
3 4 
3 50 
3 8 
3 35 
3 51 
3 52 
3 18 
3 13 
3 53 
3 20 
5 112 
18 83 
18 57 
32 103 
32 52 
18 80 
59 80 
57 18 
56 18 
56 5 
56 55 
32 103 
32 52 
32 52 
32 103 
5 56 
112 59 
18 56 
59 67 
59 72 
18 107 
18 108 
18 110 
18 99 
18 109 
59 112 
77 112 
4 3 
26 80 
15 61 
15 83 
61 15 
80 64 
26 66 
26 27 
53 3 
50 3 
3 35 
3 50 
62 27 
105 103 
4 74 
4 35 
4 3 
4 13 
103 105 
85 3 
8 3 
69 76 
35 3 
90 47 
26 112 
52 3 
13 3 
20 3 
35 3 
18 3 
76 50 
50 76 
76 50 
65 74 
55 56 
103 105 
103 52 
103 24 
103 26 
105 103 
24 103 
52 103 
31 27 
32 66 
66 9 
66 27 
26 103 
47 50 
86 69 
94 65 
26 45 
13 35 
13 41 
13 40 
13 4 
92 65 
92 9 
92 116 
30 29 
30 47 
31 54 
54 15 
51 3 
31 54 
47 30 
50 47 
112 18 
65 94 
67 9 
13 14 
14 13 
14 13 
84 50 
15 54 
29 30 
50 84 
47 50 
84 50 
52 3 
3 52 
53 94 
69 72 
43 42 
43 42 
43 45 
43 79 
43 79 
64 80 
43 81 
68 81 
68 50 
68 47 
3 35 
3 53 
45 43 
47 68 
43 6 
42 43 
43 95 
42 43 
3 52 
104 117 
66 9 
66 67 
107 18 
107 18 
83 18 
86 53 
83 26 
103 105 
83 15 
105 103 
112 59 
59 14 
59 9 
52 3 
59 112 
92 9 
92 65 
92 116 
92 65 
92 9 
92 116 
7 43 
52 3 
79 43 
66 67 
12 15 
9 66 
15 12 
9 67 
9 66 
66 9 
67 66 
67 66 
67 9 
84 59 
84 123 
84 69 
84 94 
66 67 
9 67 
9 66 
66 9 
38 22 
76 69 
54 15 
76 89 
54 15 
68 85 
68 47 
68 48 
68 69 
76 69 
68 85 
76 84 
76 84 
76 84 
76 84 
76 84 
76 75 
54 15 
86 50 
18 112 
13 14 
13 17 
96 15 
96 61 
96 12 
31 25 
35 3 
35 3 
61 96 
26 83 
17 13 
26 45 
15 96 
15 54 
15 54 
11 5 
15 54 
62 112 
92 74 
50 52 
9 112 
123 79 
71 5 
54 15 
54 15 
35 62 
35 3 
35 53 
62 35 
5 11 
71 72 
71 5 
71 15 
79 123 
12 96 
15 54 
59 47 
67 9 
67 44 
67 9 
67 66 
15 54 
3 35 
50 52 
9 14 
9 65 
9 17 
48 68 
17 9 
14 9 
3 67 
3 35 
3 13 
3 17 
3 66 
3 8 
3 4 
3 68 
3 69 
3 85 
35 3 
17 3 
52 50 
52 50 
52 50 
13 3 
14 97 
65 9 
43 79 
38 36 
63 64 
17 15 
17 56 
17 54 
68 48 
68 3 
56 17 
56 88 
88 56 
15 17 
8 3 
4 3 
54 27 
54 15 
54 17 
68 85 
79 43 
66 3 
9 14 
9 17 
9 65 
9 92 
54 15 
54 27 
15 54 
15 54 
54 27 
54 15 
26 24 
26 45 
92 9 
92 65 
65 9 
15 54 
27 54 
27 54 
27 54 
33 5 
36 38 
33 5 
97 14 
94 14 
94 65 
94 9 
65 94 
5 33 
5 33 
36 38 
65 94 
83 66 
9 94 
112 38 
38 36 
88 15 
24 112 
94 65 
38 36 
147 146 
146 59 
3 50 
84 69 
77 9 
24 26 
24 15 
24 83 
15 24 
112 90 
71 73 
24 26 
24 83 
24 15 
84 76 
76 84 
21 72 
90 112 
112 24 
112 62 
15 24 
80 69 
84 68 
84 85 
84 76 
84 86 
69 86 
7 117 
7 18 
47 13 
66 83 
26 45 
66 83 
56 68 
68 56 
26 24 
26 24 
121 106 
13 47 
86 50 
71 72 
71 72 
18 7 
50 13 
71 72 
71 72 
59 69 
2 59 
71 72 
13 112 
92 65 
92 9 
92 116 
13 50 
92 65 
92 9 
92 116 
59 2 
71 72 
112 69 
68 56 
35 20 
35 3 
71 72 
86 69 
86 84 
105 103 
105 52 
103 105 
112 68 
71 72 
52 105 
71 72 
53 3 
20 35 
13 47 
13 50 
53 35 
47 13 
13 20 
69 68 
77 9 
84 101 
84 93 
59 47 
6 106 
68 112 
17 9 
59 14 
68 21 
42 44 
44 42 
85 3 
32 26 
45 63 
101 84 
84 101 
84 101 
13 15 
13 40 
101 84 
84 101 
84 101 
112 44 
20 6 
59 44 
21 90 
149 36 
4 106 
63 45 
35 20 
82 75 
82 70 
44 112 
33 15 
84 69 
149 38 
26 32 
4 69 
4 76 
76 4 
38 149 
38 36 
50 52 
4 84 
15 13 
84 4 
84 4 
3 35 
15 61 
15 12 
4 84 
84 4 
52 50 
45 26 
63 57 
26 45 
84 4 
6 20 
84 76 
12 15 
50 86 
86 50 
52 50 
15 33 
14 13 
90 21 
67 3 
62 27 
51 18 
50 86 
86 50 
13 14 
13 14 
86 50 
66 9 
14 13 
14 13 
13 14 
13 14 
14 13 
14 13 
13 14 
50 86 
75 82 
75 82 
75 63 
75 19 
75 105 
86 50 
105 75 
19 75 
86 19 
92 65 
50 47 
88 57 
88 19 
88 93 
105 103 
105 88 
105 31 
31 105 
88 105 
103 105 
57 101 
47 50 
36 38 
101 57 
56 88 
56 15 
56 96 
56 61 
88 56 
53 86 
51 3 
84 76 
43 7 
70 82 
50 34 
50 41 
27 62 
27 50 
9 65 
9 92 
9 17 
65 9 
59 69 
92 9 
47 27 
47 81 
81 47 
71 84 
22 38 
70 53 
94 65 
65 94 
59 72 
59 67 
106 117 
106 73 
68 56 
96 56 
84 18 
84 19 
84 57 
84 71 
9 66 
45 26 
34 50 
22 1 
72 69 
26 45 
80 84 
84 80 
1 22 
26 25 
9 67 
9 66 
92 65 
92 9 
92 116 
43 42 
54 15 
54 61 
64 91 
64 67 
95 22 
95 58 
95 104 
95 123 
95 43 
95 93 
95 98 
95 73 
95 20 
95 79 
95 65 
95 94 
123 95 
68 69 
139 57 
79 43 
79 95 
42 43 
15 54 
90 72 
90 69 
104 95 
65 95 
15 56 
98 95 
1 22 
81 50 
92 38 
65 9 
27 47 
15 88 
84 76 
27 112 
83 66 
85 47 
47 85 
86 69 
69 86 
38 1 
69 59 
59 123 
69 76 
76 69 
85 48 
38 36 
145 68 
38 22 
20 95 
20 13 
20 35 
73 95 
22 1 
13 14 
14 13 
14 13 
1 22 
13 14 
13 14 
14 13 
112 27 
22 38 
58 95 
112 27 
112 13 
81 43 
81 47 
31 25 
83 24 
83 24 
103 105 
54 15 
105 103 
17 9 
15 54 
3 67 
3 4 
3 69 
3 17 
3 66 
3 8 
3 35 
3 13 
3 68 
3 85 
35 3 
17 3 
8 3 
13 3 
63 75 
79 44 
112 13 
13 112 
13 112 
66 9 
66 3 
9 65 
64 63 
92 9 
94 95 
112 32 
112 13 
96 12 
96 15 
96 61 
13 7 
13 1 
13 35 
61 54 
21 75 
21 43 
21 7 
21 82 
21 10 
21 82 
67 3 
32 112 
59 67 
17 9 
9 17 
67 9 
7 21 
70 53 
47 81 
115 90 
76 53 
76 4 
115 66 
115 67 
88 15 
75 50 
4 3 
61 96 
76 84 
17 15 
17 56 
17 54 
66 115 
15 17 
56 17 
56 88 
88 15 
15 96 
86 50 
88 56 
44 38 
86 19 
83 26 
79 44 
68 3 
59 95 
59 94 
59 104 
95 44 
26 66 
84 76 
59 2 
88 15 
71 26 
94 65 
94 9 
69 76 
69 68 
69 86 
26 31 
26 83 
26 83 
31 71 
38 67 
57 88 
70 53 
31 30 
88 57 
30 31 
57 88 
65 94 
95 44 
76 50 
50 76 
76 50 
88 5 
54 17 
45 63 
67 115 
9 42 
9 94 
76 50 
50 76 
76 50 
63 45 
42 9 
42 63 
5 15 
15 5 
44 95 
44 95 
35 13 
90 115 
5 88 
5 56 
88 5 
56 5 
92 9 
92 65 
92 116 
13 35 
47 68 
15 88 
50 3 
3 50 
3 50 
68 47 
88 15 
50 3 
3 50 
97 14 
2 59 
75 50 
30 45 
59 2 
68 66 
45 30 
59 2 
68 48 
4 106 
50 81 
50 27 
50 3 
3 50 
14 9 
9 14 
68 48 
68 85 
14 13 
75 50 
69 56 
13 14 
13 14 
69 86 
69 59 
83 113 
54 58 
58 54 
113 83 
45 80 
45 66 
45 26 
113 83 
7 51 
83 26 
83 113 
38 36 
38 37 
69 76 
92 65 
92 9 
92 116 
92 65 
92 9 
92 116 
92 65 
92 9 
92 116 
61 15 
61 56 
71 31 
59 67 
59 72 
86 50 
66 45 
85 3 
38 72 
59 94 
59 2 
26 83 
38 36 
26 45 
82 21 
82 75 
30 104 
30 26 
47 68 
26 30 
56 68 
56 69 
50 86 
21 86 
84 50 
121 106 
27 112 
27 50 
56 68 
56 69 
68 47 
75 50 
86 50 
47 48 
6 106 
9 67 
9 66 
47 68 
68 47 
70 53 
80 64 
80 45 
50 3 
3 50 
92 65 
92 9 
92 116 
92 65 
92 9 
92 116 
53 76 
92 65 
92 9 
92 116 
92 65 
92 9 
92 116 
92 65 
92 9 
92 116 
53 70 
53 70 
53 70 
53 70 
63 42 
69 68 
53 70 
53 4 
106 117 
106 73 
50 75 
38 37 
38 36 
68 47 
53 70 
53 4 
64 63 
50 75 
54 15 
54 61 
96 15 
96 61 
96 12 
75 50 
12 96 
15 54 
69 38 
69 68 
69 56 
15 96 
68 56 
68 56 
53 70 
53 4 
74 4 
67 9 
69 84 
67 9 
67 66 
75 50 
27 66 
27 3 
27 15 
27 62 
27 26 
27 13 
27 39 
86 69 
86 75 
86 84 
50 75 
75 70 
75 21 
75 10 
75 50 
69 86 
70 75 
61 96 
66 9 
86 21 
70 53 
15 27 
12 96 
12 15 
50 75 
68 67 
68 56 
68 86 
68 66 
68 72 
68 3 
68 9 
68 65 
68 15 
68 69 
15 12 
50 53 
9 67 
9 74 
38 36 
69 86 
84 69 
84 76 
84 86 
92 9 
92 65 
92 116 
92 65 
92 9 
92 116 
13 27 
20 51 
20 94 
20 22 
20 98 
20 18 
20 35 
20 8 
20 4 
20 13 
20 42 
20 63 
20 6 
13 65 
13 3 
13 8 
13 40 
13 20 
6 20 
6 16 
6 46 
6 87 
6 43 
6 124 
6 22 
6 98 
6 50 
6 42 
6 128 
6 49 
6 31 
6 130 
6 4 
6 78 
6 40 
4 6 
4 20 
4 74 
96 15 
96 61 
96 12 
13 41 
31 6 
4 65 
11 5 
124 6 
16 6 
61 96 
42 6 
61 54 
42 63 
42 20 
8 13 
8 20 
5 11 
26 45 
3 13 
3 4 
3 13 
3 8 
3 35 
21 75 
13 3 
62 27 
3 27 
8 3 
4 3 
21 43 
21 7 
21 10 
7 21 
53 50 
13 35 
13 4 
39 27 
53 70 
94 20 
94 20 
94 21 
94 58 
94 2 
94 95 
94 112 
94 29 
15 96 
58 94 
21 94 
39 77 
112 94 
12 96 
48 85 
53 70 
112 36 
112 46 
112 119 
112 47 
112 125 
112 18 
112 58 
112 57 
112 71 
112 42 
57 112 
26 27 
5 71 
5 72 
5 73 
5 74 
5 11 
98 20 
21 46 
21 70 
21 75 
21 7 
21 43 
21 56 
21 84 
21 88 
21 82 
21 45 
21 10 
75 21 
7 21 
45 21 
58 112 
57 43 
57 98 
57 56 
57 107 
57 102 
57 108 
57 110 
57 109 
57 99 
57 55 
57 104 
57 89 
57 29 
57 111 
57 101 
101 57 
98 57 
98 109 
98 89 
98 45 
98 46 
98 115 
98 70 
98 87 
98 43 
98 58 
98 95 
98 130 
98 33 
98 82 
98 151 
45 98 
98 6 
98 57 
58 98 
112 72 
33 98 
45 26 
75 86 
75 19 
75 50 
26 45 
54 27 
19 75 
101 50 
101 19 
101 46 
101 93 
101 124 
101 49 
101 130 
101 109 
101 82 
72 71 
11 5 
57 88 
19 101 
89 98 
36 149 
36 37 
3 66 
3 13 
3 67 
3 8 
3 35 
3 4 
3 68 
3 69 
3 85 
3 17 
69 3 
13 3 
56 57 
95 98 
36 149 
36 37 
50 52 
89 70 
89 47 
89 56 
89 2 
89 93 
89 32 
89 82 
89 29 
89 21 
89 10 
89 88 
89 57 
95 70 
95 93 
95 2 
95 123 
95 43 
95 44 
95 22 
95 59 
95 58 
95 92 
95 14 
95 7 
95 104 
95 79 
95 65 
95 6 
95 112 
95 94 
58 95 
59 95 
112 95 
94 65 
70 89 
29 89 
70 95 
70 98 
70 21 
63 20 
29 57 
29 94 
70 75 
70 56 
46 101 
63 42 
65 13 
46 107 
46 115 
46 70 
46 1 
46 47 
46 30 
46 53 
46 98 
46 18 
46 56 
46 50 
46 57 
46 75 
46 71 
46 42 
46 103 
46 8 
46 95 
46 84 
46 31 
46 35 
46 97 
46 87 
46 27 
46 119 
46 123 
46 43 
46 61 
46 109 
46 93 
46 25 
46 85 
46 44 
46 124 
46 22 
46 59 
46 125 
46 102 
46 52 
46 81 
46 39 
46 32 
46 58 
46 69 
46 126 
46 83 
46 127 
46 96 
46 72 
46 36 
46 37 
46 9 
46 92 
46 128 
46 108 
46 24 
46 106 
46 110 
46 49 
46 41 
46 64 
46 77 
46 14 
46 118 
46 129 
46 73 
46 100 
46 130 
46 101 
46 27 
46 93 
129 46 
69 46 
2 94 
31 46 
18 46 
30 46 
59 46 
58 46 
1 46 
24 46 
3 35 
3 51 
3 52 
3 50 
3 8 
3 13 
3 18 
3 53 
3 4 
2 46 
2 70 
2 87 
2 123 
2 43 
2 93 
2 22 
2 98 
2 20 
2 33 
2 7 
2 151 
2 29 
18 20 
12 15 
2 95 
44 95 
2 89 
18 112 
55 57 
8 46 
8 3 
44 46 
123 95 
98 2 
88 57 
1 38 
18 3 
57 98 
57 46 
8 3 
71 46 
103 46 
123 2 
56 46 
56 70 
66 3 
5 15 
5 66 
13 3 
73 5 
123 46 
70 2 
15 12 
73 46 
70 46 
52 50 
65 94 
17 56 
17 15 
17 54 
15 17 
52 50 
70 56 
70 75 
70 82 
70 111 
70 93 
70 109 
70 88 
52 3 
83 46 
65 94 
75 46 
56 70 
75 70 
15 5 
12 73 
12 15 
12 72 
12 71 
75 70 
73 12 
13 14 
54 17 
65 95 
15 12 
47 46 
14 13 
14 13 
13 14 
47 89 
47 112 
86 75 
88 70 
88 89 
27 54 
88 21 
72 71 
72 15 
72 12 
72 73 
72 5 
72 117 
72 74 
42 46 
95 46 
42 112 
27 54 
27 46 
54 27 
54 27 
48 55 
82 89 
82 70 
82 13 
82 40 
94 65 
96 46 
82 101 
82 93 
39 46 
94 14 
94 9 
101 82 
33 2 
82 57 
82 86 
82 48 
82 151 
82 89 
82 110 
82 108 
82 18 
82 98 
98 82 
89 82 
48 82 
29 2 
39 112 
39 29 
6 95 
18 82 
48 58 
48 56 
48 94 
48 90 
48 21 
48 86 
48 45 
48 78 
48 89 
48 85 
21 48 
106 46 
45 48 
29 39 
70 53 
51 3 
84 46 
51 20 
27 54 
66 5 
4 13 
84 21 
4 3 
4 3 
89 48 
55 48 
9 94 
9 46 
56 48 
9 72 
61 46 
26 45 
53 46 
53 70 
44 42 
72 71 
53 3 
67 9 
68 3 
67 59 
42 44 
65 9 
42 44 
42 64 
50 52 
44 42 
27 63 
52 50 
42 112 
124 46 
50 84 
72 117 
86 75 
84 50 
72 15 
72 5 
63 27 
45 26 
72 38 
77 46 
77 39 
75 19 
19 75 
7 95 
9 65 
77 66 
77 9 
121 106 
13 82 
7 1 
7 43 
7 81 
7 13 
7 113 
7 94 
7 27 
7 123 
7 93 
7 30 
7 85 
7 22 
7 18 
7 75 
7 84 
7 49 
7 31 
7 100 
7 11 
7 29 
7 45 
7 117 
7 21 
7 10 
7 19 
7 105 
7 2 
45 7 
84 7 
1 7 
30 7 
19 7 
45 80 
45 26 
31 7 
41 46 
149 36 
149 36 
41 50 
26 45 
75 7 
13 7 
26 80 
26 45 
18 7 
38 36 
50 86 
21 7 
59 67 
59 72 
9 67 
9 66 
21 86 
13 40 
75 86 
75 105 
75 19 
21 86 
19 75 
86 19 
123 7 
94 65 
65 94 
95 30 
13 14 
14 13 
14 13 
13 14 
13 14 
14 13 
14 13 
30 95 
13 14 
66 9 
13 14 
14 13 
14 13 
13 14 
13 14 
14 13 
14 13 
115 46 
13 14 
13 14 
14 13 
26 45 
115 90 
115 70 
115 43 
115 22 
115 105 
115 98 
90 48 
59 67 
59 94 
42 44 
11 7 
90 42 
90 94 
90 115 
90 70 
90 87 
90 43 
90 93 
90 22 
90 75 
90 95 
90 14 
90 88 
90 29 
119 46 
14 90 
98 46 
86 75 
119 112 
90 115 
115 90 
95 90 
85 7 
44 42 
42 90 
85 48 
85 46 
85 3 
54 15 
15 54 
24 83 
48 47 
54 15 
48 47 
15 54 
54 15 
54 117 
58 48 
15 54 
47 48 
112 39 
112 42 
92 65 
92 9 
92 116 
92 65 
92 9 
92 116 
29 7 
29 90 
29 23 
23 29 
77 3 
77 15 
86 50 
6 106 
68 47 
113 7 
19 86 
86 19 
68 64 
59 67 
65 94 
3 50 
3 13 
67 3 
105 115 
67 9 
67 9 
67 66 
7 83 
105 7 
105 75 
48 68 
94 65 
14 13 
83 24 
13 14 
13 14 
13 3 
14 13 
14 13 
47 85 
83 24 
13 14 
13 14 
20 94 
20 2 
14 13 
20 94 
75 90 
3 66 
3 51 
50 13 
50 3 
50 77 
3 50 
67 66 
13 50 
6 106 
106 117 
106 73 
9 67 
9 66 
4 106 
9 67 
9 66 
51 3 
50 13 
13 50 
103 105 
105 103 
12 15 
54 15 
54 61 
15 54 
15 12 
86 21 
94 20 
27 7 
2 33 
2 83 
68 48 
68 69 
68 56 
69 68 
34 24 
83 38 
83 26 
83 2 
26 83 
66 26 
38 1 
24 34 
26 66 
24 83 
26 45 
56 17 
1 83 
1 38 
1 33 
61 54 
24 26 
24 83 
24 15 
24 66 
96 61 
17 3 
66 3 
71 5 
27 38 
61 96 
15 24 
38 36 
19 76 
51 3 
53 40 
47 68 
47 90 
68 47 
53 70 
3 51 
3 8 
3 20 
3 112 
3 51 
3 35 
53 50 
66 77 
12 15 
90 47 
115 67 
115 44 
61 15 
86 69 
69 86 
86 21 
52 46 
38 46 
38 107 
38 27 
38 47 
38 85 
38 59 
38 52 
38 18 
38 71 
38 106 
38 35 
38 115 
38 70 
38 87 
38 119 
38 123 
38 43 
38 61 
38 93 
38 30 
38 25 
38 15 
38 53 
38 44 
38 124 
38 22 
38 102 
38 81 
38 98 
38 56 
38 50 
38 39 
38 32 
38 58 
38 57 
38 69 
38 75 
38 126 
38 83 
38 96 
38 42 
38 89 
38 68 
38 36 
38 37 
38 9 
38 103 
38 8 
38 128 
38 108 
38 24 
38 95 
38 84 
38 110 
38 49 
38 41 
38 64 
38 77 
38 14 
38 31 
38 118 
38 129 
38 73 
38 136 
38 90 
38 100 
38 130 
38 109 
38 88 
38 76 
38 116 
38 13 
38 28 
38 99 
38 55 
38 12 
38 20 
38 26 
38 33 
38 7 
38 131 
38 34 
38 82 
38 3 
38 62 
38 1 
38 104 
38 149 
38 5 
38 17 
38 4 
38 51 
38 11 
38 151 
38 132 
38 66 
38 29 
38 78 
38 48 
38 133 
38 111 
38 45 
38 79 
38 16 
38 63 
38 2 
38 120 
38 54 
38 40 
38 65 
38 86 
38 67 
38 60 
38 6 
38 121 
38 91 
38 117 
38 74 
38 80 
38 112 
38 21 
38 23 
38 10 
38 19 
38 113 
38 114 
38 105 
38 101 
38 122 
38 94 
38 125 
38 72 
68 38 
69 38 
81 27 
67 115 
90 68 
90 69 
90 59 
69 90 
68 90 
59 90 
27 81 
86 82 
86 48 
59 69 
69 59 
84 53 
27 47 
77 66 
27 81 
27 3 
27 50 
27 15 
27 54 
38 90 
